0,2013,11,26
2,5,3556
31,26,11,2,5
32,26,11,2,5
3557,149,104
3558,152,104
3559,152,107
3560,123,110
3561,119,114
3562,127,123
3563,136,128
3564,136,124
3565,141,118
3566,141,112
3567,144,111
3568,143,110
3569,147,115
3570,151,119
3571,143,118
3572,139,116
3573,136,112
3574,132,106
3575,138,106
3576,137,105
3577,141,105
3578,140,100
3579,147,100
3580,159,100
3581,165,106
3582,153,112
3583,139,122
3584,140,129
3585,142,130
3586,144,128
3587,139,126
3588,133,123
3589,132,125
3590,134,128
3591,133,133
3592,141,130
3593,143,125
3594,141,117
3595,136,113
3596,128,111
3597,122,112
3598,136,107
3599,140,109
3600,142,110
3601,141,112
3602,134,112
3603,132,112
3604,121,111
3605,121,108
3606,124,108
3607,126,110
3608,136,114
3609,143,117
3610,147,119
3611,152,117
3612,123,110
3613,125,109
3614,127,110
3615,124,111
3616,132,115
3617,134,120
3618,133,128
3619,134,137
3620,143,148
3621,151,163
3622,141,164
3623,121,153
3624,227,172
3625,227,172
3626,227,172
3627,227,172
3628,227,172
3629,227,172
3630,229,172
3631,229,172
3632,229,172
3633,229,172
3634,229,172
3635,229,172
3636,229,172
3637,229,172
3638,229,172
3639,229,172
3640,229,172
3641,230,172
3642,230,172
3643,230,172
3644,230,172
3645,230,172
3646,230,172
3647,230,172
3648,230,172
3649,230,172
3650,230,172
3651,230,172
3652,231,172
3653,231,172
3654,231,172
3655,231,172
3656,231,172
3657,231,172
3658,231,172
3659,231,172
3660,231,172
3661,231,172
3662,231,172
3663,231,172
3664,231,172
3665,231,172
33,26,11,2,9
3666,231,172
3667,231,172
3668,231,172
3669,231,172
3670,231,172
3671,231,172
3672,231,172
3673,231,172
3674,231,172
3675,231,172
3676,231,172
3677,231,172
3678,231,172
3679,132,138
3680,127,115
3681,121,117
3682,129,116
3683,117,117
3684,116,117
3685,120,117
3686,125,116
3687,125,114
3688,134,114
3689,136,113
3690,137,111
3691,143,113
3692,139,113
3693,134,117
3694,133,118
3695,130,119
3696,126,116
3697,122,112
3698,116,108
3699,114,107
3700,108,105
3701,109,103
3702,112,103
3703,113,105
3704,109,106
3705,123,107
3706,125,109
3707,130,109
3708,138,107
3709,142,109
3710,141,113
3711,139,114
3712,135,113
3713,130,113
3714,127,114
3715,125,116
3716,127,117
3717,128,122
3718,127,127
3719,132,127
3720,130,116
3721,130,114
3722,131,115
3723,130,115
3724,117,111
3725,120,106
3726,117,100
3727,121,103
3728,122,103
3729,128,104
3730,131,110
3731,138,121
3732,142,133
3733,137,131
3734,126,123
3735,125,116
3736,115,112
3737,114,105
3738,117,103
3739,121,100
3740,127,101
3741,133,94
3742,137,94
3743,136,96
3744,134,104
3745,136,108
3746,137,118
3747,138,123
3748,130,116
3749,130,114
3750,135,115
3751,132,114
3752,135,109
3753,130,107
3754,131,108
3755,129,112
3756,125,115
3757,119,118
3758,116,122
3759,114,121
3760,114,119
3761,122,118
3762,124,118
3763,127,120
3764,123,118
3765,126,116
3766,122,111
3767,122,107
3768,121,108
3769,124,109
3770,128,113
3771,133,115
3772,136,121
3773,134,122
3774,132,126
3775,136,121
3776,134,116
3777,136,111
3778,135,109
34,26,11,2,11
3779,125,108
3780,122,110
3781,117,114
3782,120,121
3783,119,122
3784,118,125
3785,111,126
3786,113,128
3787,115,128
3788,121,132
3789,128,128
3790,126,121
3791,127,117
3792,128,115
3793,131,117
3794,134,120
3795,137,119
3796,136,114
3797,138,110
3798,131,109
3799,141,107
3800,145,107
3801,146,106
3802,146,105
3803,150,104
3804,151,103
3805,149,106
3806,148,112
3807,148,113
3808,145,112
3809,143,121
3810,140,134
3811,136,134
3812,130,124
3813,131,119
3814,130,113
3815,131,107
3816,131,105
3817,130,105
3818,128,105
3819,133,111
3820,139,124
3821,135,125
3822,131,111
3823,135,110
3824,127,109
3825,125,108
3826,126,108
3827,128,110
3828,128,111
3829,129,115
3830,130,123
3831,131,127
3832,126,121
3833,126,119
3834,127,120
3835,129,126
3836,129,131
3837,129,132
3838,128,134
3839,134,131
3840,135,123
3841,132,115
3842,133,112
3843,137,114
3844,136,113
3845,135,115
3846,136,114
3847,136,115
3848,134,114
3849,129,117
3850,137,120
3851,133,123
3852,124,122
3853,131,118
3854,136,120
3855,135,126
3856,136,125
3857,134,120
3858,142,118
3859,143,124
3860,145,121
3861,145,121
3862,134,114
3863,123,118
3864,125,125
3865,123,122
3866,124,116
3867,131,114
3868,136,115
3869,140,115
3870,147,112
3871,150,110
3872,147,113
3873,146,114
3874,143,112
3875,141,115
3876,139,118
3877,136,126
3878,139,135
3879,135,126
3880,137,116
3881,145,107
3882,146,109
3883,150,111
3884,151,113
3885,147,110
3886,146,111
3887,144,115
3888,142,113
3889,142,111
3890,139,115
3891,127,116
35,26,11,2,13
3892,119,115
3893,119,113
3894,118,114
3895,122,113
3896,121,114
3897,122,113
3898,123,113
3899,123,110
3900,127,110
3901,132,113
3902,137,115
3903,137,111
3904,135,108
3905,127,111
3906,128,115
3907,121,115
3908,112,112
3909,108,113
3910,112,111
3911,112,115
3912,121,118
3913,122,122
3914,125,122
3915,122,125
3916,126,124
3917,118,121
3918,118,120
3919,122,121
3920,125,125
3921,120,120
3922,122,115
3923,119,117
3924,119,119
3925,117,118
3926,116,117
3927,114,117
3928,119,119
3929,121,120
3930,126,113
3931,121,105
3932,124,107
3933,128,111
3934,131,113
3935,132,110
3936,135,110
3937,145,109
3938,147,112
3939,143,107
3940,141,108
3941,141,106
3942,142,107
3943,141,109
3944,142,117
3945,138,120
3946,132,120
3947,122,114
3948,121,109
3949,120,105
3950,114,106
3951,114,114
3952,121,116
3953,124,116
3954,129,114
3955,130,115
3956,127,119
3957,139,129
3958,145,121
3959,140,118
3960,142,116
3961,138,115
3962,135,112
3963,137,109
3964,139,105
3965,143,103
3966,145,103
3967,143,106
3968,140,110
3969,147,114
3970,148,119
3971,149,127
3972,147,126
3973,139,124
3974,133,124
3975,126,124
3976,119,127
3977,113,130
3978,117,130
3979,123,125
3980,127,121
3981,131,118
3982,137,118
3983,144,117
3984,139,117
3985,137,117
3986,134,120
3987,131,124
3988,132,126
3989,134,125
3990,145,117
3991,150,119
3992,146,125
3993,134,124
3994,128,123
3995,130,119
3996,127,120
3997,130,120
3998,124,123
3999,127,123
4000,130,118
4001,140,116
4002,132,112
4003,128,110
4004,123,113
4005,131,116
36,26,11,2,14
4006,133,111
4007,132,108
4008,123,103
4009,121,100
4010,121,109
4011,127,115
4012,123,115
4013,129,114
4014,128,114
4015,124,117
4016,125,120
4017,131,119
4018,142,118
4019,145,113
4020,141,113
4021,133,111
4022,129,109
4023,121,110
4024,119,118
4025,127,122
4026,125,120
4027,128,113
4028,134,112
4029,134,107
4030,132,106
4031,129,104
4032,127,104
4033,125,106
4034,131,104
4035,134,105
4036,137,103
4037,132,105
4038,131,106
4039,134,107
4040,133,106
4041,135,109
4042,137,108
4043,136,108
4044,138,108
4045,140,111
4046,139,107
4047,139,104
4048,140,103
4049,139,107
4050,137,106
4051,128,113
4052,120,123
4053,113,126
4054,116,121
4055,110,116
4056,112,116
4057,116,112
4058,124,109
4059,124,110
4060,125,108
4061,126,107
4062,142,104
4063,151,102
4064,150,104
4065,146,109
4066,141,111
4067,135,113
4068,132,115
4069,127,119
4070,127,118
4071,132,120
4072,133,120
4073,131,122
4074,130,122
4075,122,127
4076,121,130
4077,127,130
4078,123,126
4079,122,122
4080,123,115
4081,122,113
4082,125,111
4083,128,111
4084,134,108
4085,134,111
4086,134,110
4087,133,108
4088,137,107
4089,134,113
4090,120,119
4091,117,112
4092,120,107
4093,120,103
4094,122,104
4095,124,104
4096,132,110
4097,134,113
4098,144,115
4099,144,113
4100,144,112
4101,145,111
4102,147,109
4103,144,109
4104,130,108
4105,130,105
4106,134,104
4107,130,99
4108,131,101
4109,130,103
4110,125,108
4111,123,112
4112,117,116
4113,116,115
4114,111,115
4115,115,111
4116,120,109
37,26,11,2,15
4117,124,110
4118,121,111
4119,125,114
4120,124,120
4121,127,122
4122,126,127
4123,126,128
4124,119,126
4125,118,120
4126,113,117
4127,117,117
4128,118,116
4129,129,117
4130,142,113
4131,131,118
4132,130,122
4133,134,118
4134,128,113
4135,125,112
4136,125,111
4137,126,106
4138,128,104
4139,126,101
4140,129,100
4141,133,103
4142,137,101
4143,130,105
4144,132,107
4145,122,112
4146,119,113
4147,124,119
4148,121,119
4149,125,121
4150,131,120
4151,133,118
4152,138,117
4153,139,113
4154,138,111
4155,134,108
4156,131,111
4157,131,105
4158,130,97
4159,130,94
4160,131,94
4161,135,97
4162,138,97
4163,140,100
4164,137,102
4165,133,103
4166,134,103
4167,135,110
4168,136,112
4169,129,116
4170,128,117
4171,135,118
4172,148,116
4173,145,125
4174,143,129
4175,142,122
4176,140,121
4177,142,116
4178,144,116
4179,144,115
4180,143,115
4181,146,111
4182,144,111
4183,146,112
4184,146,114
4185,143,115
4186,142,114
4187,136,105
4188,129,98
4189,130,98
4190,130,95
4191,128,100
4192,123,101
4193,115,103
4194,112,104
4195,110,107
4196,113,108
4197,115,115
4198,122,120
4199,127,127
4200,128,130
4201,127,135
4202,124,131
4203,128,125
4204,126,115
4205,123,110
4206,118,105
4207,119,105
4208,118,106
4209,128,107
4210,133,109
4211,135,110
4212,131,111
4213,129,112
4214,134,114
4215,135,119
4216,135,126
4217,132,121
4218,131,113
4219,134,104
4220,138,102
4221,140,96
4222,137,94
4223,133,94
4224,129,94
4225,127,93
4226,123,93
4227,129,93
4228,142,93
38,26,11,2,16
4229,145,92
4230,138,97
4231,137,98
4232,134,91
4233,140,84
4234,142,83
4235,135,90
4236,136,95
4237,137,100
4238,140,102
4239,140,106
4240,145,107
4241,144,109
4242,144,105
4243,139,106
4244,137,98
4245,141,88
4246,136,97
4247,139,104
4248,144,104
4249,140,104
4250,141,102
4251,139,102
4252,138,99
4253,136,102
4254,135,103
4255,126,108
4256,119,108
4257,123,119
4258,133,126
4259,136,125
4260,140,119
4261,143,115
4262,138,109
4263,138,110
4264,132,110
4265,128,111
4266,125,110
4267,132,114
4268,135,117
4269,134,123
4270,135,123
4271,135,122
4272,136,123
4273,135,121
4274,131,119
4275,134,115
4276,133,112
4277,137,110
4278,139,106
4279,134,106
4280,132,104
4281,131,105
4282,126,103
4283,128,104
4284,132,103
4285,131,107
4286,114,108
4287,113,110
4288,112,110
4289,116,110
4290,125,112
4291,130,111
4292,132,113
4293,137,115
4294,137,116
4295,133,115
4296,129,115
4297,129,116
4298,137,122
4299,143,121
4300,139,120
4301,134,121
4302,128,116
4303,123,115
4304,123,111
4305,120,108
4306,125,102
4307,127,102
4308,133,100
4309,134,104
4310,134,105
4311,126,109
4312,128,109
4313,123,120
4314,123,130
4315,126,129
4316,128,123
4317,130,121
4318,134,119
4319,135,120
4320,138,117
4321,136,114
4322,139,109
4323,136,108
4324,137,105
4325,138,104
4326,133,106
4327,121,108
4328,123,112
4329,123,111
4330,125,114
4331,132,114
4332,134,112
4333,135,108
4334,136,107
4335,135,106
4336,131,105
4337,131,105
4338,130,108
4339,130,111
4340,127,115
4341,117,125
39,26,11,2,18
4342,118,131
4343,125,128
4344,129,124
4345,133,125
4346,134,125
4347,131,128
4348,127,125
4349,118,120
4350,116,111
4351,113,110
4352,107,105
4353,109,105
4354,119,104
4355,121,107
4356,124,108
4357,123,104
4358,129,105
4359,135,107
4360,137,111
4361,144,111
4362,148,115
4363,147,115
4364,145,116
4365,141,114
4366,133,116
4367,127,114
4368,118,109
4369,119,102
4370,123,106
4371,117,103
4372,113,99
4373,116,99
4374,118,105
4375,124,108
4376,128,109
4377,135,112
4378,137,111
4379,142,109
4380,143,106
4381,146,105
4382,144,102
4383,143,103
4384,141,105
4385,145,108
4386,144,109
4387,147,111
4388,143,111
4389,146,114
4390,140,114
4391,131,115
4392,120,115
4393,119,115
4394,120,107
4395,128,109
4396,137,113
4397,149,117
4398,141,113
4399,138,104
4400,135,98
4401,135,95
4402,132,97
4403,128,97
4404,127,101
4405,126,105
4406,128,106
4407,125,104
4408,128,101
4409,130,110
4410,132,117
4411,128,120
4412,129,120
4413,129,120
4414,128,115
4415,123,112
4416,122,107
4417,118,101
4418,112,98
4419,113,98
4420,114,106
4421,121,119
4422,119,124
4423,114,117
4424,113,105
4425,114,102
4426,126,104
4427,133,110
4428,138,110
4429,139,112
4430,135,114
4431,127,114
4432,123,110
4433,121,108
4434,119,105
4435,118,105
4436,131,106
4437,134,108
4438,138,109
4439,140,112
4440,143,111
4441,143,111
4442,137,111
4443,130,113
4444,123,111
4445,125,107
4446,124,107
4447,125,112
4448,128,118
4449,129,126
4450,133,131
4451,134,122
4452,128,114
4453,128,110
40,26,11,2,19
4454,133,108
4455,136,105
4456,137,99
4457,141,96
4458,135,96
4459,139,97
4460,138,99
4461,149,101
4462,148,106
4463,142,112
4464,139,116
4465,122,111
4466,117,107
4467,118,108
4468,117,108
4469,117,112
4470,118,113
4471,119,118
4472,126,121
4473,125,122
4474,119,121
4475,121,120
4476,125,122
4477,127,123
4478,131,121
4479,124,119
4480,115,118
4481,126,119
4482,128,120
4483,133,120
4484,126,117
4485,122,115
4486,119,113
4487,128,112
4488,135,112
4489,148,111
4490,150,106
4491,152,101
4492,155,103
4493,154,115
4494,147,118
4495,147,120
4496,145,119
4497,147,118
4498,143,115
4499,138,110
4500,131,108
4501,125,105
4502,120,102
4503,118,100
4504,119,104
4505,111,108
4506,127,111
4507,128,111
4508,128,116
4509,129,114
4510,131,108
4511,130,106
4512,124,102
4513,116,101
4514,115,101
4515,120,107
4516,130,115
4517,133,115
4518,133,116
4519,133,113
4520,133,111
4521,133,106
4522,139,103
4523,142,98
4524,150,97
4525,147,99
4526,147,102
4527,147,105
4528,146,113
4529,149,117
4530,140,112
4531,142,114
4532,136,116
4533,127,119
4534,130,118
4535,130,116
4536,117,117
4537,119,117
4538,122,120
4539,131,123
4540,125,127
4541,132,132
4542,134,127
4543,132,117
4544,133,115
4545,135,115
4546,134,115
4547,137,112
4548,141,115
4549,142,111
4550,134,109
4551,138,104
4552,136,111
4553,134,116
4554,133,123
4555,136,126
4556,125,120
4557,119,119
4558,121,115
4559,129,120
4560,130,120
4561,133,125
4562,131,122
4563,127,122
4564,126,122
41,26,11,2,20
4565,130,124
4566,132,120
4567,124,121
4568,120,125
4569,128,119
4570,124,119
4571,126,119
4572,124,119
4573,127,117
4574,127,115
4575,132,110
4576,136,107
4577,136,98
4578,138,98
4579,142,98
4580,136,102
4581,131,103
4582,130,114
4583,132,107
4584,137,103
4585,143,103
4586,149,106
4587,145,114
4588,142,114
4589,139,117
4590,142,110
4591,140,106
4592,135,100
4593,133,98
4594,132,95
4595,125,97
4596,125,98
4597,138,99
4598,142,101
4599,142,107
4600,144,107
4601,147,114
4602,144,113
4603,140,116
4604,136,113
4605,136,118
4606,129,116
4607,125,116
4608,120,115
4609,119,116
4610,123,120
4611,126,111
4612,125,102
4613,126,100
4614,122,103
4615,120,107
4616,116,112
4617,117,118
4618,121,120
4619,132,119
4620,127,119
4621,128,114
4622,128,113
4623,132,107
4624,135,107
4625,137,107
4626,137,108
4627,135,106
4628,134,106
4629,133,105
4630,133,105
4631,139,104
4632,142,111
4633,141,119
4634,135,114
4635,131,109
4636,129,107
4637,123,106
4638,116,106
4639,110,105
4640,111,105
4641,113,104
4642,121,104
4643,123,99
4644,128,99
4645,135,99
4646,138,101
4647,145,108
4648,150,110
4649,147,115
4650,144,120
4651,141,119
4652,140,119
4653,138,115
4654,142,114
4655,140,113
4656,139,114
4657,135,112
4658,132,111
4659,130,113
4660,125,119
4661,122,124
4662,124,115
4663,134,105
4664,142,102
4665,142,102
4666,135,105
4667,128,104
4668,123,106
4669,125,104
4670,123,106
4671,125,109
4672,136,112
4673,146,110
4674,146,112
4675,154,110
4676,158,109
4677,155,113
42,26,11,2,21
4678,158,116
4679,149,115
4680,150,112
4681,148,109
4682,149,108
4683,145,107
4684,145,109
4685,142,109
4686,139,107
4687,138,104
4688,138,104
4689,138,102
4690,142,102
4691,152,108
4692,144,114
4693,132,117
4694,128,115
4695,134,114
4696,132,109
4697,125,106
4698,124,103
4699,123,105
4700,126,109
4701,133,109
4702,134,104
4703,138,102
4704,139,103
4705,138,103
4706,137,108
4707,133,107
4708,133,109
4709,130,107
4710,134,106
4711,126,106
4712,131,108
4713,124,105
4714,126,105
4715,133,103
4716,134,108
4717,131,113
4718,127,112
4719,123,115
4720,122,116
4721,127,119
4722,135,115
4723,139,114
4724,142,112
4725,137,112
4726,140,111
4727,137,114
4728,138,115
4729,143,116
4730,141,118
4731,143,122
4732,146,116
4733,144,119
4734,137,120
4735,129,122
4736,125,121
4737,120,124
4738,114,123
4739,115,120
4740,114,116
4741,118,112
4742,117,111
4743,121,110
4744,117,115
4745,119,120
4746,125,109
4747,129,104
4748,134,102
4749,138,104
4750,149,107
4751,152,109
4752,153,111
4753,146,109
4754,144,108
4755,137,105
4756,136,108
4757,143,109
4758,145,114
4759,149,119
4760,150,116
4761,151,110
4762,143,106
4763,137,109
4764,127,112
4765,122,112
4766,115,113
4767,116,115
4768,111,113
4769,114,112
4770,119,112
4771,122,112
4772,122,113
4773,125,118
4774,127,117
4775,121,114
4776,120,113
4777,112,112
4778,120,111
4779,124,112
4780,121,112
4781,121,110
4782,120,110
4783,122,110
4784,121,112
4785,116,115
4786,109,115
4787,111,110
4788,113,108
4789,114,116
4790,118,121
43,26,11,2,23
4791,119,124
4792,119,121
4793,119,116
4794,117,115
4795,117,113
4796,119,114
4797,116,112
4798,116,109
4799,123,107
4800,128,112
4801,136,115
4802,133,115
4803,132,118
4804,131,116
4805,126,117
4806,125,119
4807,124,121
4808,118,121
4809,115,121
4810,116,119
4811,122,117
4812,131,116
4813,140,114
4814,137,116
4815,133,123
4816,138,118
4817,130,113
4818,126,111
4819,124,111
4820,122,108
4821,113,107
4822,110,109
4823,108,110
4824,111,110
4825,113,110
4826,122,111
4827,126,116
4828,125,118
4829,139,125
4830,136,117
4831,131,110
4832,126,107
4833,127,108
4834,122,108
4835,131,111
4836,128,111
4837,133,111
4838,133,109
4839,136,108
4840,130,105
4841,134,109
4842,132,115
4843,142,125
4844,137,120
4845,138,112
4846,130,105
4847,131,102
4848,127,103
4849,122,102
4850,123,101
4851,131,104
4852,132,102
4853,139,100
4854,141,99
4855,143,99
4856,140,104
4857,135,116
4858,139,112
4859,133,109
4860,134,109
4861,132,108
4862,125,112
4863,127,115
4864,123,115
4865,121,115
4866,117,115
4867,115,115
4868,114,114
4869,120,113
4870,117,111
4871,111,120
4872,108,120
4873,111,121
4874,121,117
4875,127,114
4876,128,114
4877,128,114
4878,124,112
4879,121,112
4880,121,109
4881,116,109
4882,112,109
4883,111,112
4884,111,113
4885,118,123
4886,114,121
4887,117,115
4888,122,114
4889,131,109
4890,136,109
4891,137,107
4892,139,110
4893,139,109
4894,139,113
4895,138,114
4896,137,119
4897,138,123
4898,139,125
4899,136,121
4900,139,122
4901,135,119
44,26,11,2,24
4902,137,120
4903,132,117
4904,134,116
4905,135,109
4906,136,106
4907,133,106
4908,137,110
4909,136,112
4910,140,110
4911,142,110
4912,134,115
4913,137,123
4914,145,111
4915,142,103
4916,134,98
4917,125,92
4918,127,96
4919,127,101
4920,130,108
4921,131,113
4922,141,112
4923,141,116
4924,140,114
4925,134,113
4926,136,116
4927,136,112
4928,137,109
4929,136,107
4930,134,106
4931,132,103
4932,129,102
4933,122,99
4934,113,98
4935,113,98
4936,105,105
4937,119,109
4938,123,114
4939,127,115
4940,125,115
4941,131,119
4942,131,118
4943,134,111
4944,134,108
4945,128,116
4946,124,118
4947,124,122
4948,126,124
4949,128,124
4950,127,120
4951,131,117
4952,132,113
4953,132,111
4954,133,111
4955,135,109
4956,130,111
4957,136,118
4958,137,117
4959,136,115
4960,137,118
4961,134,120
4962,134,128
4963,126,127
4964,114,125
4965,113,119
4966,114,112
4967,118,108
4968,122,107
4969,124,106
4970,119,102
4971,120,97
4972,124,98
4973,128,98
4974,131,102
4975,133,105
4976,131,109
4977,131,110
4978,130,118
4979,128,124
4980,130,129
4981,125,122
4982,125,115
4983,138,112
4984,139,119
4985,139,126
4986,136,126
4987,132,128
4988,131,126
4989,130,126
4990,126,123
4991,122,123
4992,123,122
4993,130,118
4994,136,116
4995,140,116
4996,145,114
4997,146,107
4998,131,104
4999,128,105
5000,127,105
5001,124,111
5002,124,112
5003,123,109
5004,121,106
5005,119,104
5006,126,105
5007,132,105
5008,132,107
5009,138,110
5010,145,111
5011,149,108
5012,143,105
45,26,11,2,35
5013,138,107
5014,135,110
5015,133,111
5016,135,114
5017,133,118
5018,132,118
5019,131,118
5020,130,117
5021,131,121
5022,138,121
5023,137,124
5024,132,126
5025,136,127
5026,130,119
5027,130,115
5028,124,114
5029,128,116
5030,135,118
5031,137,117
5032,140,123
5033,135,121
5034,133,121
5035,134,121
5036,134,124
5037,137,124
5038,139,124
5039,142,123
5040,140,123
5041,137,123
5042,134,120
5043,135,117
5044,127,116
5045,129,117
5046,133,114
5047,129,109
5048,124,107
5049,122,104
5050,121,100
5051,122,103
5052,128,111
5053,134,117
5054,137,118
5055,126,117
5056,117,113
5057,115,112
5058,117,108
5059,118,110
5060,125,105
5061,124,106
5062,122,107
5063,126,110
5064,128,111
5065,125,110
5066,132,111
5067,139,111
5068,139,113
5069,138,110
5070,131,108
5071,126,104
5072,119,104
5073,120,102
5074,125,106
5075,128,105
5076,125,108
5077,131,109
5078,132,110
5079,139,112
5080,140,115
5081,147,113
5082,155,112
5083,147,106
5084,142,105
5085,145,101
5086,146,102
5087,150,104
5088,143,115
5089,134,135
5090,132,107
5091,133,105
5092,123,109
5093,125,111
5094,124,111
5095,129,110
5096,133,114
5097,133,115
5098,132,113
5099,141,113
5100,141,111
5101,139,110
5102,137,109
5103,135,112
5104,132,114
5105,133,110
5106,134,106
5107,140,107
5108,143,109
5109,145,107
5110,137,106
5111,131,101
5112,129,101
5113,134,100
5114,126,104
5115,119,112
5116,120,119
5117,129,117
5118,130,116
5119,129,115
5120,130,112
5121,133,111
5122,139,113
5123,142,114
5124,154,112
5125,142,113
46,26,11,2,36
5126,137,115
5127,132,115
5128,136,116
5129,136,116
5130,142,120
5131,149,126
5132,147,126
5133,146,125
5134,143,118
5135,143,117
5136,144,114
5137,153,114
5138,166,113
5139,136,111
5140,137,112
5141,132,111
5142,140,111
5143,139,115
5144,142,116
5145,137,114
5146,135,113
5147,136,118
5148,136,123
5149,132,126
5150,129,127
5151,128,129
5152,126,131
5153,129,138
5154,132,131
5155,135,123
5156,149,119
5157,149,117
5158,146,119
5159,143,115
5160,143,109
5161,144,109
5162,142,110
5163,138,113
5164,137,118
5165,145,125
5166,137,125
5167,139,122
5168,140,117
5169,133,109
5170,128,105
5171,128,106
5172,128,107
5173,131,106
5174,131,107
5175,135,108
5176,133,107
5177,138,102
5178,141,104
5179,143,108
5180,141,111
5181,141,116
5182,139,113
5183,137,110
5184,145,110
5185,150,105
5186,153,106
5187,155,104
5188,154,102
5189,154,93
5190,151,92
5191,147,91
5192,131,93
5193,133,93
5194,135,101
5195,136,108
5196,130,107
5197,125,101
5198,125,99
5199,127,103
5200,124,109
5201,117,107
5202,124,103
5203,132,102
5204,133,101
5205,131,101
5206,125,100
5207,129,103
5208,131,109
5209,141,115
5210,148,111
5211,149,104
5212,158,102
5213,162,102
5214,165,105
5215,161,110
5216,159,111
5217,155,113
5218,151,113
5219,144,115
5220,141,117
5221,140,125
5222,134,129
5223,127,135
5224,127,130
5225,124,122
5226,135,115
5227,144,109
5228,144,101
5229,140,94
5230,161,88
5231,158,88
5232,156,88
5233,148,88
5234,142,88
5235,133,89
5236,128,93
5237,121,93
47,26,11,2,41
5238,125,94
5239,127,98
5240,130,99
5241,136,105
5242,134,107
5243,134,113
5244,129,112
5245,127,113
5246,121,115
5247,120,120
5248,113,121
5249,116,124
5250,110,125
5251,109,133
5252,127,128
5253,126,125
5254,125,125
5255,127,124
5256,130,123
5257,134,121
5258,140,119
5259,142,118
5260,140,114
5261,133,109
5262,138,103
5263,139,105
5264,138,108
5265,137,115
5266,138,110
5267,134,110
5268,134,106
5269,138,108
5270,138,108
5271,132,110
5272,131,112
5273,129,114
5274,126,115
5275,123,120
5276,129,112
5277,138,104
5278,142,100
5279,143,106
5280,144,103
5281,141,102
5282,134,102
5283,130,101
5284,130,96
5285,132,95
5286,135,106
5287,137,103
5288,132,101
5289,128,100
5290,131,114
5291,134,119
5292,134,126
5293,131,126
5294,131,126
5295,127,119
5296,124,114
5297,123,108
5298,129,109
5299,130,115
5300,135,130
5301,137,132
5302,139,129
5303,138,123
5304,138,123
5305,133,120
5306,134,115
5307,136,110
5308,135,103
5309,120,99
5310,116,98
5311,122,99
5312,121,100
5313,127,99
5314,125,101
5315,128,101
5316,131,101
5317,126,111
5318,128,116
5319,129,119
5320,131,123
5321,134,128
5322,135,130
5323,136,130
5324,139,126
5325,140,121
5326,141,115
5327,145,110
5328,145,107
5329,143,101
5330,141,104
5331,141,105
5332,136,108
5333,134,107
5334,132,106
5335,132,105
5336,132,106
5337,135,106
5338,130,108
5339,124,108
5340,115,111
5341,113,109
5342,112,108
5343,126,102
5344,139,99
5345,141,99
5346,140,99
5347,136,106
5348,131,107
5349,127,105
48,26,11,2,42
5350,122,99
5351,118,99
5352,116,99
5353,116,103
5354,119,104
5355,127,106
5356,131,108
5357,130,109
5358,131,101
5359,122,101
5360,125,101
5361,130,97
5362,146,98
5363,149,101
5364,151,105
5365,142,109
5366,130,110
5367,131,107
5368,133,106
5369,137,103
5370,143,101
5371,144,97
5372,146,102
5373,132,103
5374,128,112
5375,126,113
5376,125,106
5377,112,106
5378,112,107
5379,126,112
5380,126,118
5381,128,120
5382,133,121
5383,140,120
5384,144,118
5385,143,114
5386,140,108
5387,141,103
5388,133,99
5389,122,97
5390,117,100
5391,117,103
5392,118,106
5393,121,107
5394,121,106
5395,121,103
5396,118,106
5397,135,105
5398,147,107
5399,159,102
5400,158,98
5401,160,100
5402,157,107
5403,155,105
5404,144,105
5405,143,102
5406,137,102
5407,128,99
5408,124,100
5409,130,101
5410,123,94
5411,115,90
5412,110,90
5413,109,91
5414,115,97
5415,112,102
5416,120,106
5417,125,100
5418,124,96
5419,123,95
5420,125,96
5421,127,99
5422,128,103
5423,132,110
5424,136,116
5425,142,120
5426,140,117
5427,136,116
5428,129,110
5429,125,106
5430,123,107
5431,121,110
5432,120,112
5433,123,108
5434,129,107
5435,125,105
5436,124,104
5437,122,105
5438,121,107
5439,122,110
5440,122,107
5441,127,106
5442,135,109
5443,141,117
5444,152,122
5445,152,126
5446,147,125
5447,142,121
5448,139,114
5449,139,108
5450,139,104
5451,136,102
5452,139,101
5453,140,104
5454,134,114
5455,137,124
5456,140,117
5457,139,114
5458,139,111
5459,139,108
5460,136,104
5461,131,99
49,26,11,2,44
5462,132,97
5463,135,93
5464,140,97
5465,144,103
5466,137,108
5467,135,109
5468,127,109
5469,127,108
5470,127,104
5471,127,104
5472,135,104
5473,136,107
5474,129,106
5475,128,106
5476,126,108
5477,131,115
5478,133,119
5479,125,127
5480,132,129
5481,139,130
5482,142,127
5483,138,124
5484,129,120
5485,120,117
5486,114,118
5487,117,122
5488,125,125
5489,129,124
5490,136,122
5491,137,120
5492,142,121
5493,137,120
5494,130,119
5495,122,117
5496,115,116
5497,110,114
5498,113,114
5499,109,116
5500,108,110
5501,112,101
5502,118,100
5503,123,103
5504,126,106
5505,125,108
5506,135,110
5507,136,112
5508,140,116
5509,142,118
5510,147,123
5511,142,122
5512,134,119
5513,134,115
5514,123,112
5515,118,107
5516,123,111
5517,123,117
5518,129,117
5519,130,116
5520,134,116
5521,134,116
5522,135,114
5523,136,113
5524,135,109
5525,139,107
5526,139,104
5527,137,103
5528,124,101
5529,120,99
5530,124,103
5531,131,108
5532,138,111
5533,148,109
5534,142,106
5535,125,103
5536,115,104
5537,116,103
5538,118,106
5539,123,106
5540,126,112
5541,134,113
5542,135,120
5543,141,122
5544,147,115
5545,139,108
5546,132,101
5547,126,98
5548,123,106
5549,126,113
5550,127,118
5551,132,124
5552,128,123
5553,129,120
5554,126,117
5555,118,113
5556,132,110
5557,135,111
5558,136,109
5559,134,110
5560,131,105
5561,132,105
5562,133,104
5563,132,108
5564,131,108
5565,132,114
5566,128,117
5567,130,122
5568,121,120
5569,119,120
5570,119,116
5571,124,112
5572,128,115
5573,131,110
50,26,11,2,45
5574,129,109
5575,124,104
5576,117,102
5577,112,100
5578,112,100
5579,114,101
5580,111,104
5581,121,105
5582,120,108
5583,133,114
5584,140,113
5585,133,111
5586,134,113
5587,133,112
5588,135,111
5589,135,110
5590,134,108
5591,132,109
5592,138,108
5593,134,106
5594,129,106
5595,135,110
5596,128,110
5597,133,110
5598,133,108
5599,142,107
5600,156,105
5601,160,110
5602,157,113
5603,154,116
5604,150,117
5605,148,117
5606,146,115
5607,143,111
5608,137,112
5609,135,118
5610,131,118
5611,130,114
5612,128,115
5613,112,118
5614,105,117
5615,117,119
5616,126,122
5617,129,123
5618,131,119
5619,134,114
5620,136,115
5621,133,115
5622,132,112
5623,127,105
5624,120,105
5625,116,106
5626,118,109
5627,111,111
5628,114,120
5629,117,117
5630,119,117
5631,117,116
5632,118,115
5633,119,113
5634,119,115
5635,113,115
5636,115,111
5637,120,109
5638,129,110
5639,126,110
5640,136,115
5641,122,116
5642,116,118
5643,111,116
5644,111,116
5645,116,113
5646,116,115
5647,121,116
5648,122,118
5649,127,114
5650,129,114
5651,129,110
5652,122,107
5653,120,102
5654,122,102
5655,120,107
5656,123,122
5657,130,116
5658,132,112
5659,136,111
5660,136,111
5661,136,112
5662,134,115
5663,135,114
5664,133,115
5665,135,115
5666,136,117
5667,137,114
5668,136,114
5669,126,113
5670,117,119
5671,121,115
5672,124,114
5673,132,119
5674,138,118
5675,137,120
5676,137,118
5677,137,120
5678,135,112
5679,134,109
5680,135,103
5681,131,102
5682,139,100
51,26,11,2,47
5683,135,103
5684,131,109
5685,133,111
5686,134,111
5687,133,115
5688,130,115
5689,127,118
5690,128,115
5691,123,113
5692,125,109
5693,126,105
5694,129,103
5695,123,106
5696,122,106
5697,116,107
5698,109,114
5699,114,114
5700,122,111
5701,123,110
5702,127,104
5703,127,100
5704,120,96
5705,113,96
5706,113,99
5707,108,106
5708,106,113
5709,113,115
5710,116,120
5711,118,121
5712,129,119
5713,128,116
5714,127,114
5715,127,109
5716,135,106
5717,136,109
5718,143,112
5719,137,112
5720,132,111
5721,124,114
5722,124,110
5723,120,107
5724,124,101
5725,121,104
5726,125,104
5727,125,111
5728,133,113
5729,130,115
5730,137,110
5731,138,106
5732,142,101
5733,144,105
5734,140,115
5735,132,121
5736,127,124
5737,130,124
5738,124,120
5739,127,120
5740,127,119
5741,132,120
5742,131,116
5743,130,117
5744,134,112
5745,131,109
5746,126,105
5747,129,96
5748,127,97
5749,127,97
5750,126,101
5751,125,100
5752,121,100
5753,119,96
5754,123,102
5755,127,107
5756,129,113
5757,125,115
5758,132,114
5759,120,112
5760,113,111
5761,121,107
5762,126,109
5763,127,105
5764,128,105
5765,126,102
5766,125,104
5767,124,106
5768,131,109
5769,134,107
5770,138,109
5771,141,111
5772,147,112
5773,143,115
5774,141,120
5775,137,112
5776,138,109
5777,142,104
5778,140,104
5779,139,103
5780,135,104
5781,132,102
5782,129,101
5783,131,102
5784,132,103
5785,128,104
5786,137,107
5787,137,111
5788,144,112
5789,146,111
5790,141,118
5791,142,119
5792,146,121
5793,133,113
5794,130,110
5795,124,107
52,26,11,2,48
5796,125,107
5797,124,109
5798,126,110
5799,127,107
5800,138,107
5801,137,109
5802,135,109
5803,131,111
5804,128,116
5805,125,116
5806,123,119
5807,123,119
5808,123,118
5809,126,113
5810,121,112
5811,125,112
5812,128,115
5813,132,114
5814,136,114
5815,132,114
5816,134,120
5817,140,111
5818,143,107
5819,147,106
5820,149,102
5821,144,104
5822,142,103
5823,137,104
5824,134,104
5825,134,109
5826,136,111
5827,138,115
5828,143,111
5829,150,109
5830,140,111
5831,136,114
5832,140,118
5833,138,119
5834,130,117
5835,133,113
5836,137,112
5837,140,110
5838,144,107
5839,140,108
5840,142,108
5841,140,108
5842,142,108
5843,136,109
5844,138,110
5845,134,112
5846,134,113
5847,124,112
5848,121,110
5849,123,122
5850,122,128
5851,129,133
5852,128,121
5853,117,114
5854,119,112
5855,128,107
5856,133,108
5857,137,112
5858,136,115
5859,128,116
5860,126,119
5861,127,118
5862,133,118
5863,130,117
5864,130,116
5865,136,115
5866,137,109
5867,138,107
5868,141,104
5869,144,109
5870,137,109
5871,133,114
5872,138,116
5873,142,121
5874,141,121
5875,135,122
5876,129,114
5877,135,115
5878,135,114
5879,135,108
5880,131,113
5881,127,118
5882,126,111
5883,125,105
5884,116,99
5885,117,104
5886,117,103
5887,120,109
5888,122,111
5889,129,113
5890,133,111
5891,139,111
5892,134,103
5893,143,93
5894,131,106
5895,124,120
5896,124,128
5897,128,132
5898,131,134
5899,129,133
5900,130,133
5901,130,129
5902,132,127
5903,131,126
5904,132,118
5905,138,112
5906,136,105
5907,143,107
53,26,11,2,51
5908,146,113
5909,146,121
5910,146,117
5911,143,116
5912,142,115
5913,140,117
5914,138,115
5915,139,115
5916,138,111
5917,137,110
5918,134,107
5919,122,107
5920,119,107
5921,126,105
5922,130,108
5923,132,110
5924,136,114
5925,126,110
5926,120,100
5927,116,95
5928,116,92
5929,119,94
5930,127,97
5931,131,106
5932,139,107
5933,141,107
5934,136,105
5935,129,107
5936,126,110
5937,123,109
5938,120,104
5939,122,101
5940,129,100
5941,133,100
5942,136,107
5943,133,112
5944,138,113
5945,135,114
5946,137,114
5947,137,114
5948,136,113
5949,131,115
5950,125,110
5951,119,108
5952,119,104
5953,110,104
5954,115,102
5955,119,105
5956,117,107
5957,123,111
5958,121,111
5959,116,110
5960,115,110
5961,121,108
5962,123,111
5963,123,110
5964,126,110
5965,129,108
5966,128,106
5967,127,100
5968,126,100
5969,128,101
5970,125,109
5971,131,120
5972,138,108
5973,142,105
5974,137,101
5975,132,101
5976,128,100
5977,125,105
5978,122,107
5979,124,108
5980,124,107
5981,127,106
5982,131,107
5983,140,108
5984,132,108
5985,128,109
5986,125,107
5987,118,107
5988,122,112
5989,126,115
5990,125,125
5991,122,131
5992,116,130
5993,119,121
5994,130,111
5995,136,104
5996,139,99
5997,140,100
5998,133,106
5999,134,121
6000,126,111
6001,125,107
6002,123,109
6003,126,109
6004,128,111
6005,130,110
6006,130,108
6007,134,105
6008,132,104
6009,132,100
6010,131,102
6011,129,101
6012,119,101
6013,119,101
6014,117,101
6015,121,98
6016,124,98
6017,125,96
6018,128,97
6019,129,99
54,26,11,2,52
6020,129,104
6021,131,105
6022,129,109
6023,129,109
6024,132,118
6025,137,126
6026,132,138
6027,131,146
6028,133,134
6029,134,125
6030,134,118
6031,134,115
6032,135,116
6033,136,112
6034,134,110
6035,142,106
6036,145,106
6037,142,105
6038,142,109
6039,141,114
6040,127,125
6041,126,134
6042,127,121
6043,124,110
6044,126,105
6045,127,99
6046,129,99
6047,131,103
6048,130,109
6049,137,106
6050,133,108
6051,131,106
6052,130,110
6053,132,110
6054,124,115
6055,130,119
6056,125,122
6057,116,125
6058,122,124
6059,119,124
6060,125,118
6061,129,117
6062,130,111
6063,130,108
6064,138,101
6065,137,101
6066,133,98
6067,128,99
6068,125,97
6069,124,104
6070,131,107
6071,135,109
6072,139,108
6073,135,106
6074,135,104
6075,133,103
6076,134,103
6077,130,103
6078,131,105
6079,129,104
6080,125,102
6081,122,100
6082,116,102
6083,120,109
6084,121,107
6085,117,104
6086,122,105
6087,121,105
6088,124,106
6089,122,107
6090,123,110
6091,121,107
6092,128,108
6093,128,111
6094,135,115
6095,131,115
6096,132,120
6097,126,122
6098,132,124
6099,128,120
6100,122,115
6101,116,111
6102,113,108
6103,121,103
6104,125,106
6105,128,108
6106,125,110
6107,127,109
6108,120,103
6109,124,91
6110,125,90
6111,130,90
6112,132,90
6113,133,87
6114,136,86
6115,131,93
6116,135,101
6117,134,106
6118,140,110
6119,140,115
6120,145,120
6121,140,116
6122,140,115
6123,138,112
6124,141,108
6125,128,107
6126,123,107
6127,119,111
6128,125,116
6129,129,118
6130,128,119
6131,129,121
6132,126,119
55,26,11,2,55
6133,121,114
6134,122,106
6135,126,98
6136,124,101
6137,130,107
6138,136,110
6139,139,115
6140,136,119
6141,135,113
6142,138,107
6143,139,107
6144,141,106
6145,143,105
6146,143,104
6147,145,106
6148,145,108
6149,142,107
6150,143,104
6151,146,102
6152,144,103
6153,137,98
6154,130,96
6155,129,94
6156,133,91
6157,127,95
6158,127,95
6159,123,99
6160,125,103
6161,124,107
6162,129,105
6163,127,105
6164,130,107
6165,127,113
6166,131,116
6167,123,121
6168,124,131
6169,115,128
6170,126,140
6171,228,172
6172,229,172
6173,229,172
6174,229,172
6175,229,172
6176,229,172
6177,230,172
6178,230,172
6179,230,172
6180,133,172
6181,111,125
6182,108,127
6183,100,130
6184,111,124
6185,111,117
6186,116,115
6187,122,114
6188,126,112
6189,126,120
6190,130,128
6191,122,132
6192,131,132
6193,130,127
6194,134,123
6195,136,119
6196,143,115
6197,144,111
6198,145,109
6199,141,108
6200,139,105
6201,129,109
6202,123,111
6203,122,117
6204,128,122
6205,120,126
6206,124,127
6207,126,129
6208,128,123
6209,130,120
6210,128,117
6211,124,122
6212,126,124
6213,131,129
6214,130,129
6215,130,124
6216,127,114
6217,129,113
6218,127,110
6219,134,110
6220,129,103
6221,125,100
6222,123,93
6223,116,98
6224,110,109
6225,110,115
6226,110,120
6227,112,123
6228,119,124
6229,122,123
6230,127,122
6231,127,119
6232,124,118
6233,126,113
6234,119,111
6235,109,106
6236,105,102
6237,108,98
6238,114,94
6239,120,94
6240,124,93
6241,134,95
6242,139,101
6243,145,110
6244,143,114
56,26,11,2,57
6245,140,110
6246,141,110
6247,134,98
6248,136,99
6249,140,103
6250,138,101
6251,136,98
6252,131,95
6253,133,98
6254,130,98
6255,130,102
6256,135,99
6257,137,98
6258,138,98
6259,139,97
6260,134,98
6261,127,100
6262,121,99
6263,119,99
6264,117,103
6265,116,113
6266,125,114
6267,131,113
6268,133,113
6269,133,113
6270,131,108
6271,128,107
6272,123,108
6273,128,102
6274,125,98
6275,123,101
6276,123,101
6277,120,108
6278,117,108
6279,118,112
6280,120,109
6281,117,113
6282,120,116
6283,123,129
6284,122,119
6285,123,108
6286,118,103
6287,120,99
6288,120,99
6289,121,101
6290,115,106
6291,114,107
6292,113,108
6293,113,103
6294,111,101
6295,108,103
6296,107,103
6297,102,103
6298,102,101
6299,99,107
6300,100,105
6301,98,108
6302,96,106
6303,95,108
6304,101,105
6305,107,106
6306,105,108
6307,114,113
6308,122,113
6309,126,111
6310,130,108
6311,128,106
6312,132,105
6313,127,103
6314,138,102
6315,140,103
6316,137,107
6317,132,110
6318,133,110
6319,138,110
6320,144,110
6321,144,117
6322,146,117
6323,148,118
6324,157,114
6325,153,112
6326,147,108
6327,139,107
6328,138,104
6329,135,107
6330,135,110
6331,142,115
6332,147,115
6333,142,111
6334,140,111
6335,133,109
6336,130,108
6337,126,108
6338,125,111
6339,125,111
6340,126,115
6341,120,119
6342,114,118
6343,118,118
6344,113,120
6345,114,125
6346,121,114
6347,125,104
6348,124,98
6349,124,100
6350,122,105
6351,120,107
6352,117,113
6353,124,112
6354,125,114
6355,133,111
6356,133,113
6357,139,111
57,26,11,3,3
6358,139,117
6359,134,124
6360,131,116
6361,134,109
6362,131,105
6363,131,106
6364,131,106
6365,135,109
6366,137,111
6367,134,114
6368,137,116
6369,135,117
6370,133,116
6371,133,113
6372,125,113
6373,124,115
6374,135,111
6375,135,103
6376,135,104
6377,130,105
6378,131,105
6379,129,103
6380,134,108
6381,128,108
6382,131,110
6383,126,110
6384,126,112
6385,131,117
6386,131,125
6387,130,131
6388,135,131
6389,144,128
6390,139,126
6391,143,119
6392,141,116
6393,139,110
6394,134,107
6395,137,107
6396,141,106
6397,141,110
6398,136,108
6399,137,107
6400,132,104
6401,129,105
6402,133,107
6403,131,105
6404,124,104
6405,114,104
6406,112,103
6407,109,104
6408,112,103
6409,111,101
6410,116,102
6411,117,104
6412,121,107
6413,131,113
6414,130,120
6415,124,122
6416,120,116
6417,122,113
6418,124,110
6419,128,114
6420,134,114
6421,136,117
6422,138,121
6423,141,123
6424,141,121
6425,140,119
6426,139,121
6427,139,117
6428,142,120
6429,145,120
6430,137,107
6431,142,103
6432,138,100
6433,137,100
6434,133,104
6435,129,111
6436,126,111
6437,125,109
6438,125,106
6439,128,106
6440,128,110
6441,131,121
6442,131,113
6443,130,111
6444,127,106
6445,124,105
6446,126,101
6447,127,104
6448,127,103
6449,131,104
6450,129,105
6451,126,111
6452,121,113
6453,118,117
6454,110,115
6455,114,122
6456,118,119
6457,118,122
6458,121,119
6459,124,117
6460,128,108
6461,126,107
6462,124,103
6463,126,101
6464,131,100
6465,139,97
6466,143,93
6467,149,93
6468,153,93
6469,155,102
6470,154,106
6471,147,98
58,26,11,3,5
6472,145,96
6473,144,98
6474,140,100
6475,139,103
6476,136,106
6477,137,112
6478,133,114
6479,131,121
6480,131,121
6481,131,125
6482,128,124
6483,125,122
6484,131,119
6485,128,120
6486,129,119
6487,133,118
6488,136,120
6489,133,116
6490,134,113
6491,134,112
6492,133,110
6493,132,105
6494,131,103
6495,126,103
6496,123,110
6497,128,115
6498,133,116
6499,133,111
6500,131,111
6501,134,109
6502,135,108
6503,136,109
6504,135,109
6505,137,107
6506,138,106
6507,140,109
6508,138,110
6509,139,112
6510,139,107
6511,140,102
6512,144,98
6513,139,101
6514,133,102
6515,129,98
6516,127,99
6517,126,108
6518,117,121
6519,112,115
6520,113,117
6521,126,110
6522,138,111
6523,146,119
6524,138,110
6525,126,105
6526,121,103
6527,120,106
6528,122,110
6529,120,118
6530,120,116
6531,128,117
6532,128,116
6533,123,115
6534,122,111
6535,121,110
6536,111,114
6537,110,121
6538,106,112
6539,103,107
6540,104,107
6541,103,107
6542,108,111
6543,109,109
6544,115,111
6545,124,108
6546,129,111
6547,131,111
6548,132,115
6549,134,116
6550,131,119
6551,132,119
6552,133,116
6553,125,120
6554,127,118
6555,129,117
6556,130,117
6557,132,116
6558,134,117
6559,133,122
6560,133,117
6561,125,116
6562,119,110
6563,119,110
6564,120,113
6565,125,122
6566,134,123
6567,129,117
6568,121,118
6569,119,113
6570,115,113
6571,117,107
6572,117,107
6573,121,102
6574,122,102
6575,127,102
6576,127,105
6577,133,105
6578,136,112
6579,122,108
6580,110,110
6581,103,110
6582,102,115
6583,108,116
6584,116,122
6585,123,128
6586,131,130
59,26,11,3,7
6587,127,125
6588,128,121
6589,133,119
6590,139,116
6591,134,114
6592,139,110
6593,127,108
6594,110,105
6595,110,103
6596,112,100
6597,109,104
6598,116,106
6599,126,109
6600,130,108
6601,131,111
6602,128,114
6603,129,120
6604,125,121
6605,126,121
6606,134,122
6607,141,121
6608,132,117
6609,125,113
6610,124,111
6611,124,107
6612,129,107
6613,133,107
6614,135,114
6615,131,118
6616,130,118
6617,131,119
6618,134,119
6619,129,115
6620,133,114
6621,130,114
6622,129,114
6623,120,114
6624,119,112
6625,118,112
6626,124,111
6627,130,112
6628,135,112
6629,140,113
6630,141,113
6631,138,111
6632,136,107
6633,127,105
6634,126,100
6635,130,100
6636,130,109
6637,130,113
6638,133,112
6639,129,111
6640,131,105
6641,127,103
6642,133,103
6643,133,103
6644,136,98
6645,134,97
6646,141,96
6647,143,103
6648,141,108
6649,140,113
6650,139,121
6651,137,125
6652,136,125
6653,137,123
6654,136,116
6655,136,112
6656,135,102
6657,133,99
6658,130,98
6659,130,102
6660,131,101
6661,128,105
6662,129,111
6663,136,110
6664,135,108
6665,138,111
6666,143,112
6667,148,109
6668,147,101
6669,147,98
6670,139,96
6671,131,99
6672,120,100
6673,114,98
6674,113,99
6675,107,97
6676,105,97
6677,110,102
6678,117,112
6679,127,119
6680,133,117
6681,134,119
6682,132,118
6683,132,117
6684,132,116
6685,132,121
6686,129,120
6687,125,122
6688,128,124
6689,126,116
6690,132,107
6691,135,106
6692,133,115
6693,137,118
6694,136,120
6695,135,120
6696,131,120
60,26,11,3,8
6697,132,114
6698,126,108
6699,125,104
6700,124,104
6701,124,102
6702,126,102
6703,126,102
6704,121,105
6705,115,106
6706,118,113
6707,123,116
6708,130,120
6709,134,120
6710,137,123
6711,139,127
6712,134,126
6713,134,120
6714,137,119
6715,132,121
6716,126,120
6717,122,123
6718,115,115
6719,112,106
6720,110,108
6721,120,112
6722,122,116
6723,119,114
6724,120,109
6725,121,102
6726,127,100
6727,131,98
6728,138,99
6729,136,100
6730,141,104
6731,137,106
6732,125,108
6733,126,113
6734,115,115
6735,121,111
6736,122,110
6737,127,106
6738,133,103
6739,135,95
6740,135,87
6741,134,82
6742,137,90
6743,129,93
6744,130,97
6745,125,104
6746,128,114
6747,132,113
6748,132,108
6749,143,106
6750,138,106
6751,140,108
6752,137,108
6753,139,111
6754,138,112
6755,132,115
6756,123,115
6757,119,113
6758,115,106
6759,111,100
6760,111,92
6761,117,95
6762,122,93
6763,125,95
6764,129,95
6765,131,99
6766,130,101
6767,127,105
6768,118,106
6769,119,106
6770,124,104
6771,129,107
6772,137,109
6773,133,109
6774,131,111
6775,134,110
6776,136,106
6777,137,104
6778,132,103
6779,130,104
6780,126,103
6781,129,102
6782,130,99
6783,133,100
6784,131,100
6785,135,103
6786,135,106
6787,129,114
6788,135,118
6789,136,119
6790,126,117
6791,121,119
6792,117,114
6793,118,114
6794,117,112
6795,123,112
6796,131,110
6797,134,107
6798,135,100
6799,132,99
6800,133,100
6801,130,100
6802,128,107
6803,131,108
6804,133,114
6805,133,115
6806,136,119
6807,135,120
6808,139,120
6809,141,120
61,26,11,3,9
6810,142,115
6811,141,115
6812,140,111
6813,137,107
6814,134,103
6815,139,104
6816,133,105
6817,135,112
6818,132,108
6819,128,108
6820,126,110
6821,125,111
6822,124,112
6823,130,115
6824,126,116
6825,134,116
6826,138,114
6827,142,111
6828,137,109
6829,135,108
6830,132,100
6831,124,96
6832,124,104
6833,124,108
6834,119,108
6835,121,109
6836,124,105
6837,131,105
6838,130,107
6839,134,117
6840,132,112
6841,136,111
6842,135,109
6843,139,107
6844,139,108
6845,141,111
6846,136,111
6847,134,109
6848,136,111
6849,145,116
6850,151,121
6851,154,117
6852,146,115
6853,139,109
6854,134,114
6855,121,109
6856,120,105
6857,126,105
6858,125,104
6859,129,101
6860,130,96
6861,131,96
6862,130,100
6863,129,101
6864,127,101
6865,124,103
6866,132,103
6867,132,111
6868,135,117
6869,134,113
6870,133,111
6871,137,104
6872,139,104
6873,139,103
6874,137,110
6875,135,108
6876,129,108
6877,120,106
6878,119,112
6879,125,108
6880,127,112
6881,128,107
6882,136,109
6883,138,107
6884,140,105
6885,142,105
6886,141,101
6887,142,100
6888,143,103
6889,143,104
6890,146,106
6891,145,112
6892,140,111
6893,137,110
6894,136,103
6895,132,101
6896,139,105
6897,134,106
6898,138,107
6899,143,109
6900,140,112
6901,134,113
6902,139,114
6903,142,113
6904,144,112
6905,146,112
6906,143,116
6907,144,118
6908,138,119
6909,135,116
6910,128,113
6911,121,111
6912,128,109
6913,122,105
6914,122,103
6915,124,102
6916,129,103
6917,128,103
6918,122,104
6919,123,107
6920,125,112
6921,122,117
6922,139,116
6923,139,112
62,26,11,3,11
6924,143,103
6925,144,97
6926,135,96
6927,132,95
6928,136,93
6929,138,93
6930,137,93
6931,135,95
6932,135,101
6933,134,110
6934,132,122
6935,133,137
6936,141,125
6937,142,122
6938,138,118
6939,128,117
6940,125,111
6941,123,108
6942,125,102
6943,131,101
6944,131,99
6945,127,100
6946,123,99
6947,128,100
6948,124,106
6949,127,117
6950,132,109
6951,127,102
6952,126,101
6953,122,101
6954,123,101
6955,127,101
6956,131,98
6957,134,95
6958,135,92
6959,127,88
6960,128,86
6961,128,91
6962,124,90
6963,136,97
6964,138,103
6965,131,106
6966,128,107
6967,130,110
6968,133,109
6969,130,109
6970,127,105
6971,123,103
6972,127,102
6973,123,102
6974,128,94
6975,132,96
6976,127,103
6977,133,113
6978,145,103
6979,143,96
6980,142,97
6981,135,98
6982,131,100
6983,129,105
6984,130,107
6985,131,104
6986,133,103
6987,131,104
6988,132,107
6989,133,109
6990,132,115
6991,134,119
6992,137,118
6993,135,115
6994,129,117
6995,125,115
6996,120,114
6997,120,113
6998,124,112
6999,130,109
7000,129,109
7001,127,105
7002,129,102
7003,139,107
7004,139,117
7005,143,130
7006,137,129
7007,131,119
7008,132,117
7009,132,110
7010,130,108
7011,129,110
7012,126,107
7013,130,105
7014,131,105
7015,127,106
7016,127,105
7017,132,107
7018,134,107
7019,131,108
7020,138,119
7021,139,116
7022,135,114
7023,131,109
7024,130,105
7025,135,102
7026,134,102
7027,133,103
7028,130,109
7029,131,109
7030,130,115
7031,135,118
7032,132,121
63,26,11,3,12
0,2013,11,26
3,12, 7032
