0,2013,11,26
3,12,7032
63,26,11,3,12
7033,140,124
7034,142,122
7035,124,117
7036,112,111
7037,112,110
7038,114,112
7039,119,117
7040,119,119
7041,123,120
7042,128,121
7043,132,121
7044,139,121
7045,150,119
7046,152,120
7047,157,119
7048,169,114
7049,164,106
7050,160,106
7051,158,104
7052,150,104
7053,147,101
7054,141,103
7055,139,107
7056,133,115
7057,128,118
7058,126,119
7059,125,115
7060,127,110
7061,136,105
7062,140,100
7063,143,95
7064,146,96
7065,153,102
7066,161,101
7067,166,100
7068,160,100
7069,159,100
7070,160,102
7071,155,103
7072,143,111
7073,131,113
7074,130,111
7075,126,102
7076,121,96
7077,129,94
7078,140,96
7079,133,100
7080,126,106
7081,127,111
7082,137,113
7083,142,118
7084,143,115
7085,142,114
7086,142,117
7087,135,125
7088,136,126
7089,131,113
7090,121,104
7091,122,102
7092,116,101
7093,117,104
7094,121,108
7095,123,106
7096,120,101
7097,125,100
7098,127,101
7099,128,105
7100,123,107
7101,120,106
7102,121,107
7103,120,107
7104,126,106
7105,124,103
7106,127,99
7107,123,97
7108,121,106
7109,119,109
7110,125,104
7111,124,105
7112,125,110
7113,126,112
7114,128,116
7115,134,124
7116,127,120
7117,121,109
7118,122,104
7119,125,103
7120,130,102
7121,124,105
7122,121,109
7123,122,116
7124,125,120
7125,134,127
7126,131,119
7127,128,112
7128,129,108
7129,137,112
7130,133,113
7131,127,102
7132,125,93
7133,126,96
7134,123,103
7135,126,110
7136,126,121
7137,128,137
7138,126,142
7139,129,133
7140,133,126
7141,133,125
7142,131,122
7143,127,122
7144,125,119
7145,123,117
64,26,11,3,14
7146,122,110
7147,125,107
7148,123,103
7149,120,104
7150,121,104
7151,123,122
7152,129,122
7153,130,109
7154,133,102
7155,132,104
7156,132,102
7157,119,103
7158,139,102
7159,135,109
7160,130,114
7161,119,119
7162,133,122
7163,131,125
7164,135,120
7165,136,117
7166,137,109
7167,141,105
7168,145,100
7169,143,98
7170,145,96
7171,145,99
7172,145,103
7173,147,109
7174,150,114
7175,152,112
7176,150,106
7177,142,106
7178,139,106
7179,136,111
7180,138,110
7181,139,113
7182,140,111
7183,139,113
7184,139,109
7185,138,107
7186,137,104
7187,133,106
7188,135,105
7189,130,101
7190,125,96
7191,122,98
7192,124,99
7193,120,100
7194,119,104
7195,121,109
7196,127,109
7197,129,109
7198,129,112
7199,143,115
7200,143,109
7201,138,105
7202,141,102
7203,137,104
7204,137,102
7205,140,105
7206,149,108
7207,150,112
7208,144,113
7209,143,116
7210,138,116
7211,136,123
7212,135,119
7213,132,114
7214,137,112
7215,136,113
7216,139,117
7217,140,120
7218,144,120
7219,139,120
7220,134,115
7221,135,115
7222,139,112
7223,139,105
7224,138,104
7225,138,105
7226,135,110
7227,130,113
7228,127,117
7229,127,118
7230,131,118
7231,138,117
7232,142,117
7233,135,110
7234,135,106
7235,139,104
7236,141,103
7237,140,108
7238,138,113
7239,136,117
7240,136,117
7241,136,117
7242,137,112
7243,129,106
7244,120,108
7245,124,108
7246,124,107
7247,128,104
7248,129,103
7249,132,102
7250,131,103
7251,131,105
7252,128,105
7253,126,99
7254,120,102
7255,116,111
7256,113,112
7257,116,113
7258,115,111
7259,113,116
7260,122,115
65,26,11,3,16
7261,123,120
7262,128,121
7263,130,113
7264,128,111
7265,127,111
7266,129,118
7267,132,125
7268,138,132
7269,140,130
7270,142,124
7271,146,120
7272,142,118
7273,140,116
7274,137,116
7275,140,117
7276,136,119
7277,136,121
7278,140,124
7279,137,125
7280,135,120
7281,144,117
7282,141,116
7283,142,114
7284,140,110
7285,139,105
7286,138,103
7287,136,103
7288,132,107
7289,133,108
7290,132,109
7291,134,109
7292,134,111
7293,136,111
7294,134,105
7295,129,101
7296,129,101
7297,128,105
7298,135,109
7299,137,112
7300,136,114
7301,143,114
7302,145,115
7303,144,109
7304,141,109
7305,142,111
7306,138,115
7307,144,114
7308,140,111
7309,141,110
7310,144,110
7311,139,114
7312,135,114
7313,132,113
7314,131,111
7315,131,113
7316,144,113
7317,139,113
7318,131,113
7319,124,111
7320,126,105
7321,130,104
7322,132,109
7323,137,112
7324,141,114
7325,141,115
7326,142,115
7327,135,113
7328,134,110
7329,136,110
7330,146,114
7331,141,114
7332,134,116
7333,128,118
7334,124,124
7335,128,126
7336,129,117
7337,130,111
7338,130,109
7339,127,112
7340,129,112
7341,127,114
7342,130,114
7343,129,116
7344,130,115
7345,124,114
7346,122,112
7347,119,114
7348,121,116
7349,121,121
7350,121,114
7351,123,110
7352,127,104
7353,119,99
7354,123,98
7355,120,96
7356,124,101
7357,121,107
7358,133,111
7359,133,108
7360,129,107
7361,124,105
7362,123,107
7363,129,111
7364,132,105
7365,133,104
7366,139,104
7367,138,106
7368,134,107
7369,137,107
7370,139,109
7371,144,109
66,26,11,3,17
7372,147,109
7373,148,110
7374,141,113
7375,135,111
7376,125,113
7377,125,114
7378,124,114
7379,129,116
7380,132,114
7381,135,114
7382,134,113
7383,136,113
7384,137,113
7385,137,116
7386,137,114
7387,134,108
7388,131,102
7389,127,98
7390,121,98
7391,123,100
7392,123,101
7393,125,102
7394,125,103
7395,128,104
7396,126,105
7397,122,107
7398,118,107
7399,116,107
7400,114,108
7401,116,107
7402,115,112
7403,116,112
7404,115,113
7405,120,115
7406,128,113
7407,131,109
7408,136,105
7409,138,99
7410,141,99
7411,138,96
7412,137,98
7413,133,104
7414,129,109
7415,124,110
7416,126,119
7417,125,122
7418,123,123
7419,121,121
7420,123,124
7421,122,117
7422,129,110
7423,132,106
7424,132,102
7425,133,101
7426,133,103
7427,134,105
7428,134,104
7429,139,104
7430,134,107
7431,137,112
7432,131,115
7433,126,119
7434,128,114
7435,127,113
7436,129,116
7437,132,116
7438,131,116
7439,130,116
7440,132,121
7441,131,118
7442,131,112
7443,133,104
7444,131,102
7445,128,102
7446,124,109
7447,126,116
7448,134,114
7449,135,109
7450,141,108
7451,141,103
7452,143,103
7453,144,103
7454,142,107
7455,137,104
7456,134,102
7457,127,101
7458,125,103
7459,124,102
7460,125,101
7461,124,108
7462,125,103
7463,123,102
7464,129,104
7465,118,103
7466,119,103
7467,114,107
7468,121,107
7469,121,106
7470,125,107
7471,117,115
7472,119,118
7473,118,117
7474,120,115
7475,123,110
7476,124,105
7477,129,103
7478,122,103
7479,123,104
7480,119,101
7481,125,102
7482,129,104
7483,133,106
7484,134,107
7485,134,113
67,26,11,3,18
7486,130,115
7487,127,117
7488,126,116
7489,130,115
7490,147,118
7491,144,113
7492,145,106
7493,146,106
7494,145,102
7495,138,104
7496,128,104
7497,122,109
7498,120,110
7499,122,117
7500,121,114
7501,122,118
7502,126,117
7503,125,117
7504,126,118
7505,131,116
7506,132,116
7507,132,116
7508,128,114
7509,128,111
7510,127,107
7511,124,107
7512,126,107
7513,127,111
7514,127,111
7515,127,116
7516,131,117
7517,131,120
7518,133,122
7519,126,113
7520,117,112
7521,127,111
7522,136,112
7523,136,114
7524,133,118
7525,134,122
7526,130,127
7527,127,128
7528,124,125
7529,123,125
7530,125,128
7531,124,124
7532,116,124
7533,111,118
7534,114,119
7535,123,118
7536,130,120
7537,131,118
7538,129,116
7539,129,110
7540,131,108
7541,138,107
7542,138,109
7543,143,111
7544,144,107
7545,142,106
7546,140,102
7547,138,101
7548,134,101
7549,131,103
7550,133,104
7551,132,103
7552,134,103
7553,130,104
7554,126,106
7555,126,109
7556,130,112
7557,134,116
7558,134,113
7559,134,110
7560,137,104
7561,142,106
7562,135,111
7563,134,111
7564,132,109
7565,130,103
7566,127,99
7567,132,111
7568,132,111
7569,131,111
7570,135,108
7571,132,109
7572,131,109
7573,130,109
7574,125,110
7575,128,110
7576,129,110
7577,127,111
7578,122,111
7579,119,108
7580,121,109
7581,120,112
7582,127,114
7583,129,109
7584,124,108
7585,119,107
7586,114,111
7587,113,110
7588,124,114
7589,131,116
7590,131,116
7591,130,114
7592,128,113
7593,123,111
7594,119,109
7595,124,106
7596,132,106
7597,136,108
7598,138,111
68,26,11,3,19
7599,131,111
7600,128,114
7601,121,115
7602,116,113
7603,118,109
7604,124,105
7605,124,104
7606,125,101
7607,126,103
7608,128,106
7609,128,110
7610,125,117
7611,126,116
7612,128,117
7613,126,112
7614,123,116
7615,125,113
7616,123,117
7617,115,116
7618,115,116
7619,121,116
7620,118,121
7621,118,119
7622,126,122
7623,126,123
7624,125,126
7625,121,120
7626,117,113
7627,114,112
7628,116,111
7629,115,113
7630,117,111
7631,117,113
7632,117,106
7633,114,110
7634,113,111
7635,111,112
7636,116,107
7637,120,108
7638,118,108
7639,118,114
7640,121,114
7641,125,114
7642,127,112
7643,127,113
7644,130,110
7645,132,112
7646,127,114
7647,126,112
7648,132,110
7649,133,112
7650,143,114
7651,141,103
7652,137,101
7653,135,99
7654,131,101
7655,127,108
7656,126,119
7657,125,117
7658,125,113
7659,121,109
7660,118,108
7661,116,103
7662,121,103
7663,117,108
7664,127,115
7665,127,118
7666,125,121
7667,127,123
7668,122,121
7669,115,115
7670,114,113
7671,115,110
7672,119,109
7673,125,111
7674,129,114
7675,127,118
7676,130,122
7677,124,124
7678,127,125
7679,125,122
7680,118,122
7681,120,123
7682,121,119
7683,118,111
7684,114,108
7685,111,112
7686,112,116
7687,112,118
7688,114,118
7689,117,118
7690,123,115
7691,123,112
7692,131,120
7693,135,122
7694,130,121
7695,122,120
7696,122,123
7697,117,125
7698,116,125
7699,111,121
7700,111,118
7701,113,115
7702,121,112
7703,125,114
7704,132,117
7705,137,116
7706,143,113
7707,144,109
7708,143,110
7709,145,111
7710,146,110
7711,145,110
7712,141,108
7713,140,107
7714,138,108
7715,136,109
69,26,11,3,21
7716,127,112
7717,129,108
7718,136,105
7719,141,103
7720,137,107
7721,141,110
7722,134,107
7723,166,153
7724,226,172
7725,227,172
7726,227,172
7727,227,172
7728,228,172
7729,227,172
7730,228,172
7731,228,172
7732,228,172
7733,228,172
7734,228,172
7735,228,172
7736,228,172
7737,228,172
7738,228,173
7739,228,172
7740,228,173
7741,137,171
7742,147,127
7743,133,135
7744,129,130
7745,131,122
7746,131,112
7747,133,104
7748,127,98
7749,126,94
7750,121,90
7751,111,92
7752,108,99
7753,107,102
7754,111,106
7755,117,110
7756,116,112
7757,115,114
7758,124,120
7759,126,113
7760,131,110
7761,138,105
7762,144,108
7763,148,111
7764,145,118
7765,147,117
7766,153,115
7767,150,111
7768,143,111
7769,143,109
7770,146,114
7771,138,120
7772,136,128
7773,127,128
7774,123,126
7775,125,123
7776,129,121
7777,129,116
7778,131,114
7779,131,111
7780,131,112
7781,127,111
7782,124,113
7783,118,111
7784,127,114
7785,132,113
7786,145,121
7787,152,117
7788,148,102
7789,144,97
7790,146,96
7791,147,99
7792,151,100
7793,152,106
7794,152,107
7795,148,108
7796,142,112
7797,137,115
7798,130,119
7799,110,122
7800,100,122
7801,100,122
7802,101,117
7803,118,119
7804,131,116
7805,132,115
7806,133,111
7807,135,111
7808,139,110
7809,141,113
7810,133,112
7811,127,111
7812,129,114
7813,127,119
7814,129,122
7815,133,115
7816,136,110
7817,139,107
7818,142,106
7819,143,110
7820,144,114
7821,143,115
7822,141,112
7823,144,112
7824,145,110
7825,140,111
70,26,11,3,22
7826,136,108
7827,133,110
7828,139,108
7829,140,107
7830,135,107
7831,142,111
7832,149,116
7833,149,115
7834,149,114
7835,148,113
7836,149,117
7837,149,116
7838,139,115
7839,125,105
7840,121,102
7841,117,105
7842,111,104
7843,116,101
7844,113,99
7845,112,99
7846,116,105
7847,122,104
7848,131,107
7849,133,107
7850,135,105
7851,133,101
7852,134,97
7853,130,100
7854,128,100
7855,128,101
7856,128,100
7857,129,108
7858,128,112
7859,122,107
7860,118,106
7861,122,106
7862,126,105
7863,128,95
7864,127,96
7865,125,99
7866,132,113
7867,134,112
7868,127,110
7869,127,110
7870,130,113
7871,132,113
7872,129,110
7873,122,111
7874,123,102
7875,124,99
7876,129,99
7877,134,102
7878,133,104
7879,133,114
7880,130,114
7881,129,119
7882,125,118
7883,122,118
7884,111,119
7885,120,122
7886,120,121
7887,115,120
7888,112,119
7889,113,121
7890,115,119
7891,114,117
7892,110,118
7893,116,117
7894,129,118
7895,129,113
7896,126,107
7897,122,103
7898,125,108
7899,133,109
7900,135,111
7901,131,106
7902,129,109
7903,129,111
7904,129,112
7905,129,115
7906,128,119
7907,125,121
7908,126,117
7909,122,114
7910,122,111
7911,126,113
7912,129,109
7913,135,108
7914,146,113
7915,141,115
7916,138,113
7917,141,113
7918,139,110
7919,137,105
7920,133,100
7921,132,99
7922,128,100
7923,132,103
7924,130,102
7925,131,99
7926,138,100
7927,139,104
7928,142,111
7929,135,121
7930,121,134
7931,112,137
7932,116,133
7933,119,127
7934,131,125
7935,136,118
7936,144,116
7937,143,111
7938,140,111
7939,137,107
71,26,11,3,24
7940,143,107
7941,142,103
7942,136,100
7943,134,99
7944,134,99
7945,131,99
7946,130,99
7947,130,101
7948,128,101
7949,135,101
7950,140,106
7951,146,108
7952,150,112
7953,146,113
7954,143,115
7955,145,112
7956,142,112
7957,135,106
7958,128,106
7959,123,108
7960,126,115
7961,129,117
7962,131,120
7963,133,119
7964,130,118
7965,128,114
7966,123,110
7967,119,108
7968,118,105
7969,118,105
7970,122,101
7971,130,98
7972,136,97
7973,138,102
7974,139,102
7975,133,101
7976,128,98
7977,121,99
7978,120,99
7979,119,102
7980,121,105
7981,126,113
7982,126,114
7983,125,114
7984,129,112
7985,131,112
7986,135,105
7987,130,109
7988,118,115
7989,115,112
7990,114,116
7991,115,117
7992,116,113
7993,117,105
7994,118,107
7995,116,109
7996,118,109
7997,123,109
7998,125,113
7999,131,116
8000,136,116
8001,130,116
8002,134,119
8003,138,118
8004,133,118
8005,134,114
8006,134,116
8007,129,115
8008,127,117
8009,120,110
8010,118,111
8011,120,111
8012,128,114
8013,131,115
8014,142,117
8015,147,108
8016,140,108
8017,137,108
8018,135,102
8019,134,97
8020,135,101
8021,139,106
8022,138,117
8023,135,119
8024,132,129
8025,130,134
8026,124,141
8027,129,145
8028,142,144
8029,146,135
8030,138,124
8031,130,116
8032,116,104
8033,117,105
8034,118,107
8035,119,109
8036,118,107
8037,116,108
8038,112,108
8039,111,108
8040,111,112
8041,112,119
8042,122,124
8043,130,118
8044,128,113
8045,132,111
8046,134,111
8047,130,116
8048,125,118
8049,119,124
8050,121,127
8051,114,131
8052,113,132
72,26,11,3,25
8053,114,134
8054,112,129
8055,114,129
8056,112,119
8057,108,111
8058,105,107
8059,107,115
8060,108,123
8061,107,122
8062,115,114
8063,117,115
8064,118,117
8065,125,121
8066,124,126
8067,130,130
8068,133,134
8069,140,141
8070,145,145
8071,158,150
8072,156,144
8073,150,133
8074,143,135
8075,141,130
8076,143,117
8077,142,115
8078,142,118
8079,136,118
8080,130,111
8081,125,117
8082,131,120
8083,129,116
8084,124,114
8085,130,121
8086,136,121
8087,132,121
8088,128,127
8089,128,128
8090,130,126
8091,128,120
8092,120,125
8093,114,132
8094,113,134
8095,113,128
8096,114,119
8097,114,129
8098,111,134
8099,113,139
8100,108,126
8101,113,122
8102,115,119
8103,119,114
8104,122,115
8105,127,118
8106,128,117
8107,128,113
8108,125,113
8109,130,114
8110,127,122
8111,124,124
8112,114,129
8113,101,134
8114,114,132
8115,118,131
8116,125,126
8117,123,120
8118,121,114
8119,116,110
8120,107,102
8121,104,102
8122,99,103
8123,97,106
8124,98,106
8125,101,115
8126,99,121
8127,96,133
8128,101,137
8129,101,128
8130,108,124
8131,111,131
8132,114,132
8133,116,129
8134,125,130
8135,127,127
8136,130,124
8137,136,125
8138,140,125
8139,145,126
8140,140,125
8141,140,129
8142,143,129
8143,131,129
8144,121,129
8145,119,125
8146,124,129
8147,125,125
8148,128,126
8149,131,128
8150,127,128
8151,119,121
8152,123,117
8153,130,109
8154,139,107
8155,152,109
8156,168,115
8157,159,109
8158,143,108
8159,139,111
8160,133,124
8161,128,134
8162,130,141
8163,132,145
8164,132,145
8165,127,147
8166,127,143
8167,123,146
8168,119,137
8169,115,133
8170,112,133
8171,111,132
8172,115,124
8173,121,115
8174,130,112
73,26,11,3,27
8175,132,112
8176,135,116
8177,137,115
8178,134,120
8179,124,127
8180,116,127
8181,113,127
8182,119,128
8183,126,135
8184,139,137
8185,145,138
8186,134,130
8187,128,123
8188,134,122
8189,135,125
8190,137,122
8191,138,123
8192,139,120
8193,141,122
8194,139,122
8195,133,125
8196,127,124
8197,120,129
8198,117,127
8199,126,128
8200,132,127
8201,138,125
8202,139,125
8203,135,124
8204,135,125
8205,133,128
8206,132,126
8207,137,125
8208,138,121
8209,131,120
8210,126,121
8211,134,125
8212,142,124
8213,139,120
8214,122,117
8215,118,119
8216,114,123
8217,114,121
8218,114,121
8219,119,123
8220,124,121
8221,127,121
8222,129,124
8223,127,129
8224,128,135
8225,125,146
8226,122,154
8227,128,165
8228,113,142
8229,106,134
8230,104,122
8231,107,111
8232,114,101
8233,120,97
8234,123,94
8235,124,100
8236,123,103
8237,119,104
8238,117,105
8239,117,113
8240,119,117
8241,116,124
8242,112,114
8243,108,108
8244,108,105
8245,109,108
8246,117,111
8247,121,114
8248,123,112
8249,121,111
8250,113,106
8251,120,111
8252,120,115
8253,115,119
8254,111,122
8255,118,133
8256,121,126
8257,117,120
8258,117,113
8259,126,107
8260,134,107
8261,139,108
8262,141,105
8263,143,102
8264,141,104
8265,139,107
8266,140,107
8267,145,107
8268,143,115
8269,148,129
8270,152,131
8271,142,122
8272,137,124
8273,135,130
8274,129,132
8275,127,131
8276,129,125
8277,129,117
8278,121,118
8279,112,123
8280,112,130
8281,115,131
8282,122,132
8283,134,141
8284,135,135
8285,125,127
74,26,11,3,28
8286,127,118
8287,130,114
8288,133,111
8289,135,109
8290,138,109
8291,139,109
8292,137,110
8293,134,113
8294,133,113
8295,129,115
8296,129,120
8297,133,128
8298,126,129
8299,114,120
8300,113,115
8301,117,120
8302,123,120
8303,127,124
8304,133,125
8305,137,126
8306,138,123
8307,140,122
8308,138,121
8309,137,121
8310,136,119
8311,131,121
8312,134,124
8313,135,120
8314,131,118
8315,131,115
8316,129,115
8317,127,114
8318,123,118
8319,124,119
8320,119,120
8321,116,116
8322,119,115
8323,115,112
8324,119,118
8325,116,122
8326,123,126
8327,120,114
8328,118,115
8329,121,114
8330,120,118
8331,121,118
8332,116,117
8333,113,110
8334,119,107
8335,119,104
8336,121,102
8337,124,106
8338,127,112
8339,125,129
8340,133,137
8341,139,126
8342,143,116
8343,150,111
8344,149,107
8345,154,108
8346,150,107
8347,147,111
8348,141,110
8349,137,107
8350,132,101
8351,132,97
8352,129,97
8353,125,98
8354,121,110
8355,120,98
8356,122,97
8357,131,98
8358,135,104
8359,138,106
8360,138,112
8361,141,115
8362,148,120
8363,140,120
8364,131,123
8365,129,123
8366,133,124
8367,131,122
8368,129,119
8369,128,113
8370,126,109
8371,126,108
8372,129,103
8373,133,102
8374,134,101
8375,129,103
8376,129,100
8377,127,99
8378,124,98
8379,132,100
8380,137,101
8381,132,107
8382,134,118
8383,137,112
8384,135,108
8385,139,105
8386,140,104
8387,146,101
8388,144,101
8389,145,99
8390,144,100
8391,142,98
8392,142,98
8393,142,95
8394,142,97
8395,139,97
8396,140,110
8397,138,108
8398,128,100
8399,128,98
75,26,11,3,30
8400,126,98
8401,133,98
8402,135,101
8403,133,100
8404,133,102
8405,129,102
8406,127,102
8407,125,99
8408,122,105
8409,113,109
8410,111,120
8411,120,124
8412,121,118
8413,130,113
8414,136,106
8415,143,105
8416,145,106
8417,151,111
8418,147,109
8419,144,108
8420,142,107
8421,138,103
8422,139,100
8423,140,99
8424,143,103
8425,153,107
8426,149,107
8427,143,108
8428,142,112
8429,141,119
8430,139,119
8431,138,120
8432,140,117
8433,141,116
8434,141,113
8435,139,112
8436,137,111
8437,137,114
8438,133,112
8439,135,113
8440,138,109
8441,139,107
8442,140,105
8443,140,103
8444,139,102
8445,133,103
8446,126,104
8447,124,105
8448,122,106
8449,122,105
8450,124,105
8451,128,107
8452,127,112
8453,138,117
8454,146,116
8455,139,111
8456,127,109
8457,123,108
8458,121,113
8459,117,115
8460,111,120
8461,110,122
8462,107,122
8463,109,119
8464,116,118
8465,127,116
8466,124,113
8467,127,112
8468,130,115
8469,128,116
8470,129,118
8471,129,118
8472,131,119
8473,129,117
8474,125,114
8475,119,108
8476,118,104
8477,113,104
8478,114,102
8479,118,103
8480,120,105
8481,133,110
8482,138,104
8483,143,101
8484,140,101
8485,137,105
8486,131,108
8487,131,110
8488,137,110
8489,141,113
8490,139,113
8491,139,113
8492,142,113
8493,145,113
8494,141,110
8495,149,113
8496,145,113
8497,137,110
8498,137,109
8499,136,109
8500,136,109
8501,140,110
8502,142,114
8503,137,116
8504,132,117
8505,125,114
8506,120,111
8507,119,111
8508,119,116
8509,130,128
8510,135,116
8511,134,110
76,26,11,3,31
0,2013,11,26
3,32, 8511
