0,2013,11,27
0,59,0
0,27,11,0,59
1,134,109
2,136,103
3,135,102
4,133,103
5,132,107
6,132,108
7,132,111
8,129,111
9,127,115
10,130,116
11,135,115
12,131,119
13,136,126
14,141,119
15,133,111
16,133,108
17,136,105
18,137,105
19,133,104
20,128,102
21,132,102
22,135,100
23,132,99
24,143,99
25,151,101
26,138,101
27,138,105
28,143,107
29,140,105
30,139,103
31,136,106
32,133,107
33,125,109
34,121,117
35,124,125
36,118,114
37,112,119
38,120,119
39,132,121
40,133,126
41,143,134
42,146,122
43,153,112
44,150,106
45,148,101
46,140,98
47,134,101
48,133,113
49,135,126
50,135,123
51,135,120
52,134,122
53,128,123
54,119,129
55,119,143
56,126,147
57,135,132
58,140,120
59,148,115
60,155,110
61,157,106
62,159,102
63,158,96
64,157,98
65,150,104
66,146,108
67,147,114
68,145,118
69,143,124
70,141,126
71,143,124
72,146,117
73,140,119
74,136,119
75,135,124
76,130,127
77,128,126
78,126,126
79,124,119
80,121,116
81,122,117
82,120,122
83,131,138
84,140,135
85,140,121
86,144,115
87,147,113
88,147,113
89,145,107
90,143,105
91,142,104
92,139,109
93,133,104
94,129,103
95,130,98
96,135,103
97,144,111
98,140,107
99,135,111
100,133,116
101,131,110
102,125,109
103,124,109
104,119,106
105,118,104
106,116,106
107,122,107
108,121,111
109,126,116
110,116,122
111,109,133
112,110,127
113,110,114
114,110,120
1,27,11,1,1
115,114,121
116,115,124
117,118,125
118,125,123
119,131,117
120,130,116
121,127,112
122,134,109
123,133,111
124,130,110
125,138,110
126,134,109
127,125,111
128,126,110
129,123,110
130,121,109
131,119,109
132,123,110
133,124,110
134,130,109
135,131,114
136,131,114
137,129,116
138,131,118
139,140,119
140,134,117
141,128,106
142,120,105
143,122,104
144,125,108
145,129,109
146,129,107
147,130,102
148,128,102
149,134,101
150,138,105
151,133,114
152,136,118
153,130,114
154,122,111
155,119,108
156,114,106
157,117,103
158,116,99
159,116,99
160,120,102
161,126,103
162,129,106
163,138,107
164,138,112
165,142,118
166,143,121
167,136,114
168,128,113
169,131,107
170,136,105
171,138,105
172,144,107
173,143,107
174,140,112
175,134,109
176,134,106
177,133,106
178,138,107
179,139,110
180,147,117
181,151,111
182,151,112
183,150,105
184,151,103
185,146,103
186,134,107
187,129,105
188,125,104
189,120,104
190,121,110
191,116,106
192,124,108
193,123,114
194,127,124
195,136,113
196,137,103
197,145,98
198,146,95
199,140,97
200,132,100
201,131,102
202,131,106
203,131,105
204,130,106
205,132,107
206,136,105
207,140,100
208,145,109
209,135,102
210,125,103
211,130,103
212,134,110
213,138,111
214,139,117
215,143,118
216,142,117
217,145,114
218,146,115
219,150,118
220,147,118
221,149,118
222,144,115
223,146,118
224,138,114
225,130,117
226,123,115
227,124,115
228,120,115
229,129,115
2,27,11,1,2
230,148,115
231,161,115
232,152,116
233,142,114
234,125,114
235,124,114
236,124,117
237,122,116
238,127,118
239,124,120
240,125,117
241,127,116
242,129,115
243,127,117
244,126,119
245,131,119
246,138,118
247,139,118
248,141,116
249,142,114
250,138,115
251,135,115
252,125,115
253,120,115
254,122,111
255,128,112
256,132,112
257,138,116
258,137,116
259,138,117
260,139,115
261,139,116
262,140,116
263,141,122
264,142,117
265,134,111
266,137,105
267,136,102
268,136,103
269,135,110
270,138,126
271,136,119
272,134,117
273,138,111
274,135,109
275,131,106
276,134,117
277,136,120
278,134,125
279,131,123
280,126,122
281,125,119
282,126,117
283,132,107
284,131,106
285,130,103
286,129,104
287,123,106
288,125,103
289,124,104
290,127,103
291,122,107
292,125,107
293,122,105
294,128,103
295,129,104
296,126,109
297,138,106
298,125,107
299,126,105
300,132,104
301,140,103
302,143,111
303,144,120
304,144,114
305,144,109
306,147,107
307,145,106
308,138,106
309,135,106
310,142,106
311,140,97
312,129,98
313,133,102
314,128,106
315,129,108
316,136,109
317,138,108
318,140,114
319,136,111
320,134,107
321,136,106
322,142,104
323,149,109
324,151,112
325,144,109
326,142,105
327,138,105
328,134,103
329,132,101
330,134,104
331,134,119
332,135,124
333,131,119
334,128,121
335,127,121
336,125,124
337,128,120
338,133,115
339,134,108
340,132,106
341,131,107
342,129,109
3,27,11,1,6
343,128,114
344,129,115
345,129,119
346,131,122
347,132,119
348,130,116
349,133,112
350,134,111
351,133,108
352,131,107
353,133,109
354,131,108
355,133,109
356,130,111
357,133,109
358,132,109
359,141,108
360,133,109
361,125,112
362,125,112
363,133,113
364,136,112
365,131,114
366,136,112
367,139,115
368,143,109
369,136,107
370,138,110
371,135,117
372,127,122
373,132,128
374,130,122
375,127,121
376,130,118
377,131,119
378,134,118
379,133,120
380,130,117
381,127,117
382,129,115
383,136,116
384,138,113
385,148,117
386,145,127
387,136,118
388,134,112
389,136,109
390,141,111
391,145,113
392,145,115
393,141,114
394,136,114
395,134,109
396,132,109
397,131,112
398,129,122
399,136,132
400,139,125
401,137,118
402,144,116
403,143,117
404,140,116
405,136,116
406,135,113
407,137,110
408,139,105
409,134,105
410,134,106
411,135,109
412,129,109
413,135,113
414,129,117
415,128,120
416,128,127
417,127,125
418,131,126
419,132,122
420,136,120
421,139,119
422,138,115
423,132,115
424,131,112
425,134,113
426,131,117
427,139,122
428,143,119
429,131,115
430,130,113
431,128,108
432,132,105
433,129,106
434,134,104
435,134,103
436,133,101
437,128,103
438,128,102
439,130,106
440,131,105
441,134,115
442,131,117
443,124,117
444,125,119
445,131,117
446,135,118
447,137,114
448,141,110
449,141,112
450,138,113
451,130,108
452,126,102
453,123,102
454,122,110
455,121,121
456,126,124
457,126,118
4,27,11,1,7
458,122,109
459,118,112
460,116,111
461,113,116
462,116,118
463,120,125
464,124,126
465,125,133
466,117,133
467,110,123
468,114,119
469,127,116
470,140,122
471,140,120
472,131,119
473,126,117
474,124,110
475,128,108
476,135,109
477,132,111
478,126,108
479,124,106
480,132,101
481,140,101
482,139,100
483,137,110
484,140,105
485,134,105
486,133,100
487,132,100
488,136,101
489,139,104
490,141,101
491,148,103
492,142,103
493,136,103
494,130,104
495,140,107
496,132,109
497,128,107
498,133,108
499,126,106
500,128,105
501,128,101
502,131,101
503,132,101
504,130,105
505,130,105
506,127,106
507,121,105
508,121,104
509,124,101
510,129,99
511,125,101
512,131,104
513,140,102
514,135,100
515,134,104
516,132,104
517,137,108
518,147,108
519,156,105
520,148,102
521,140,104
522,122,98
523,126,98
524,132,103
525,136,109
526,149,113
527,138,113
528,132,112
529,133,113
530,131,110
531,132,109
532,133,108
533,137,110
534,139,114
535,143,118
536,144,125
537,140,121
538,130,121
539,121,118
540,124,114
541,130,114
542,137,108
543,138,106
544,142,103
545,140,108
546,137,106
547,132,107
548,134,101
549,136,101
550,136,100
551,133,105
552,134,113
553,132,108
554,134,106
555,127,102
556,127,106
557,125,111
558,121,116
559,118,121
560,126,116
561,129,115
562,127,113
563,128,114
564,129,111
565,123,114
566,128,121
567,134,115
568,138,105
569,142,104
5,27,11,1,8
570,146,103
571,148,103
572,150,103
573,152,103
574,154,104
575,155,103
576,148,105
577,144,101
578,141,101
579,140,105
580,132,108
581,135,117
582,133,108
583,128,104
584,130,102
585,132,102
586,136,107
587,133,110
588,136,108
589,140,108
590,140,105
591,135,102
592,138,100
593,140,100
594,134,99
595,138,112
596,145,119
597,143,122
598,148,126
599,150,126
600,150,126
601,148,124
602,147,121
603,147,117
604,147,113
605,137,110
606,133,108
607,122,112
608,118,113
609,124,106
610,138,103
611,145,109
612,139,110
613,133,117
614,125,119
615,118,124
616,117,125
617,122,125
618,131,128
619,132,126
620,136,128
621,140,124
622,130,126
623,133,123
624,135,116
625,133,115
626,134,111
627,131,115
628,130,116
629,127,119
630,126,120
631,124,123
632,118,122
633,115,126
634,114,129
635,117,130
636,116,125
637,120,116
638,129,114
639,124,112
640,120,115
641,120,114
642,122,115
643,127,112
644,127,110
645,132,106
646,139,105
647,137,109
648,130,110
649,130,120
650,129,123
651,122,123
652,134,120
653,133,118
654,121,125
655,120,123
656,120,124
657,127,119
658,130,120
659,135,118
660,135,124
661,132,126
662,128,128
663,131,127
664,133,123
665,131,115
666,137,107
667,141,117
668,134,121
669,133,123
670,131,125
671,140,120
672,152,110
673,139,118
674,136,130
675,146,131
676,143,130
677,137,123
678,133,116
679,122,111
680,124,111
6,27,11,1,10
681,125,112
682,122,115
683,121,112
684,122,115
685,126,114
686,123,117
687,122,117
688,119,115
689,119,115
690,119,121
691,121,120
692,122,121
693,131,120
694,132,115
695,123,120
696,125,118
697,130,117
698,136,115
699,138,114
700,133,114
701,135,113
702,129,115
703,133,112
704,132,112
705,133,112
706,137,114
707,131,114
708,136,115
709,136,111
710,137,108
711,139,108
712,136,105
713,140,105
714,138,104
715,139,108
716,140,111
717,142,112
718,140,112
719,143,113
720,136,115
721,141,121
722,137,116
723,131,106
724,134,101
725,132,96
726,133,103
727,135,107
728,140,110
729,137,109
730,134,107
731,132,106
732,128,100
733,127,101
734,127,106
735,130,115
736,132,113
737,125,110
738,126,104
739,131,109
740,132,108
741,128,109
742,128,106
743,131,109
744,130,105
745,135,104
746,135,105
747,139,110
748,136,112
749,138,118
750,141,121
751,130,116
752,121,109
753,121,107
754,122,107
755,124,112
756,128,115
757,136,119
758,133,122
759,136,119
760,132,119
761,128,116
762,124,121
763,126,122
764,123,128
765,117,128
766,121,124
767,128,122
768,127,120
769,127,117
770,123,117
771,122,120
772,125,123
773,121,124
774,122,123
775,128,123
776,135,121
777,131,120
778,136,117
779,124,115
780,119,112
781,120,111
782,115,114
783,120,110
784,121,111
785,124,110
786,126,112
787,132,111
788,130,110
789,133,112
790,143,115
791,141,115
792,139,118
793,148,114
794,143,114
7,27,11,1,12
795,138,111
796,136,113
797,128,114
798,137,115
799,133,114
800,131,118
801,126,120
802,126,126
803,116,129
804,117,130
805,118,129
806,122,125
807,124,125
808,132,128
809,140,130
810,145,127
811,146,126
812,141,117
813,137,114
814,133,112
815,127,108
816,127,104
817,129,103
818,129,106
819,130,112
820,128,118
821,132,120
822,130,121
823,133,120
824,131,118
825,132,114
826,132,113
827,131,113
828,125,118
829,126,121
830,124,122
831,119,123
832,119,118
833,117,112
834,128,108
835,135,102
836,132,101
837,130,104
838,133,103
839,136,106
840,138,108
841,142,113
842,140,112
843,141,117
844,139,115
845,135,115
846,130,110
847,128,107
848,124,107
849,127,111
850,135,111
851,138,116
852,149,119
853,146,122
854,141,120
855,140,121
856,142,120
857,135,116
858,131,110
859,122,108
860,119,102
861,121,101
862,121,105
863,136,112
864,138,105
865,134,104
866,135,104
867,130,103
868,129,103
869,122,103
870,121,105
871,124,106
872,126,105
873,125,106
874,123,106
875,128,108
876,125,108
877,126,108
878,128,105
879,125,105
880,129,108
881,129,113
882,128,116
883,135,116
884,139,113
885,142,113
886,138,112
887,133,112
888,133,111
889,132,112
890,126,113
891,127,115
892,130,112
893,122,106
894,126,106
895,130,101
896,127,102
897,130,101
898,133,104
899,129,105
900,130,106
901,129,103
902,129,107
903,132,108
904,133,115
905,139,118
906,142,114
907,137,115
908,134,116
909,134,120
8,27,11,1,13
910,135,122
911,135,125
912,136,125
913,136,122
914,130,124
915,122,125
916,119,124
917,124,122
918,123,117
919,127,117
920,131,114
921,126,120
922,121,123
923,121,124
924,121,125
925,124,124
926,125,120
927,124,117
928,120,115
929,116,114
930,113,110
931,114,110
932,115,114
933,126,122
934,138,125
935,134,117
936,129,113
937,132,112
938,136,114
939,145,118
940,145,119
941,146,118
942,145,116
943,147,118
944,143,116
945,140,117
946,143,121
947,138,127
948,140,131
949,131,119
950,127,112
951,128,111
952,131,107
953,130,108
954,135,108
955,136,116
956,133,116
957,130,117
958,128,117
959,125,116
960,123,113
961,135,109
962,153,107
963,152,110
964,141,108
965,137,111
966,133,116
967,129,124
968,129,125
969,129,128
970,125,124
971,120,123
972,120,122
973,123,123
974,125,124
975,136,128
976,144,130
977,150,135
978,226,172
979,226,172
980,227,172
981,227,172
982,227,172
983,227,172
984,227,172
985,233,172
986,233,172
987,233,172
988,109,157
989,133,108
990,124,111
991,137,110
992,138,113
993,137,116
994,138,116
995,136,118
996,136,117
997,137,117
998,134,113
999,134,110
1000,138,109
1001,136,108
1002,141,108
1003,149,115
1004,156,119
1005,157,124
1006,156,119
1007,153,114
1008,146,108
1009,145,105
1010,143,110
1011,144,112
1012,147,112
1013,147,111
1014,141,110
1015,137,111
1016,132,108
1017,127,108
1018,132,105
1019,133,112
1020,127,121
9,27,11,1,16
1021,122,122
1022,123,121
1023,125,119
1024,131,118
1025,131,118
1026,126,116
1027,118,121
1028,118,122
1029,116,126
1030,126,123
1031,128,119
1032,130,108
1033,133,103
1034,134,108
1035,138,110
1036,138,115
1037,132,116
1038,131,114
1039,132,111
1040,142,109
1041,140,106
1042,131,105
1043,127,106
1044,131,104
1045,121,103
1046,117,101
1047,122,102
1048,131,100
1049,142,100
1050,146,105
1051,145,113
1052,147,114
1053,145,119
1054,143,117
1055,140,119
1056,136,118
1057,141,121
1058,152,122
1059,148,124
1060,153,119
1061,156,111
1062,146,108
1063,137,108
1064,131,109
1065,120,111
1066,114,112
1067,112,116
1068,119,117
1069,127,121
1070,134,120
1071,142,119
1072,146,112
1073,143,109
1074,142,108
1075,135,111
1076,124,111
1077,124,114
1078,124,113
1079,126,113
1080,127,109
1081,131,108
1082,136,107
1083,139,106
1084,142,104
1085,149,106
1086,152,112
1087,146,117
1088,142,124
1089,143,124
1090,147,115
1091,147,111
1092,144,112
1093,139,107
1094,136,107
1095,135,108
1096,137,107
1097,143,106
1098,145,109
1099,143,105
1100,141,105
1101,133,108
1102,131,118
1103,128,115
1104,124,116
1105,122,107
1106,121,107
1107,124,106
1108,126,110
1109,129,112
1110,132,114
1111,130,111
1112,133,112
1113,135,110
1114,142,111
1115,136,113
1116,136,110
1117,143,108
1118,141,108
1119,147,111
1120,144,111
1121,148,108
1122,149,104
1123,153,105
1124,150,105
1125,151,112
1126,149,118
1127,146,122
1128,137,121
1129,131,120
1130,129,120
1131,130,116
1132,128,113
1133,129,107
1134,128,100
10,27,11,1,17
1135,126,96
1136,123,100
1137,126,105
1138,124,114
1139,125,118
1140,131,125
1141,133,127
1142,136,134
1143,143,122
1144,145,117
1145,151,113
1146,142,115
1147,143,119
1148,145,124
1149,139,123
1150,138,121
1151,133,119
1152,137,117
1153,140,121
1154,144,117
1155,143,110
1156,146,108
1157,148,105
1158,143,105
1159,135,109
1160,135,115
1161,130,114
1162,131,114
1163,133,112
1164,134,117
1165,133,119
1166,127,117
1167,124,110
1168,128,115
1169,125,117
1170,122,120
1171,121,127
1172,121,127
1173,118,128
1174,120,125
1175,121,126
1176,119,123
1177,120,123
1178,117,118
1179,116,120
1180,119,119
1181,118,116
1182,122,112
1183,136,110
1184,142,109
1185,145,111
1186,136,111
1187,132,110
1188,126,112
1189,121,115
1190,116,117
1191,117,119
1192,125,119
1193,132,110
1194,137,107
1195,138,106
1196,146,111
1197,139,107
1198,133,108
1199,139,109
1200,141,110
1201,143,105
1202,136,103
1203,135,102
1204,132,102
1205,122,100
1206,124,100
1207,124,105
1208,125,108
1209,127,109
1210,138,116
1211,142,123
1212,138,127
1213,139,128
1214,140,126
1215,144,124
1216,147,118
1217,142,117
1218,139,116
1219,136,119
1220,139,117
1221,136,117
1222,130,118
1223,127,118
1224,125,116
1225,130,118
1226,140,123
1227,141,121
1228,141,121
1229,144,117
1230,146,109
1231,145,108
1232,141,105
1233,141,103
1234,142,99
1235,139,98
1236,134,93
1237,128,93
1238,131,99
1239,134,113
1240,139,119
1241,141,124
1242,142,124
1243,144,123
1244,144,121
1245,144,118
1246,140,116
11,27,11,1,18
1247,141,113
1248,145,108
1249,147,104
1250,146,104
1251,143,102
1252,144,104
1253,150,105
1254,145,103
1255,143,101
1256,141,101
1257,130,102
1258,125,104
1259,118,109
1260,118,116
1261,116,120
1262,115,123
1263,115,122
1264,123,124
1265,131,122
1266,127,121
1267,129,125
1268,124,123
1269,130,122
1270,134,120
1271,136,119
1272,139,118
1273,147,120
1274,145,122
1275,143,122
1276,137,118
1277,134,117
1278,135,112
1279,131,114
1280,137,115
1281,128,111
1282,118,111
1283,120,111
1284,123,112
1285,127,109
1286,135,112
1287,137,112
1288,144,112
1289,145,110
1290,135,120
1291,127,125
1292,121,135
1293,116,143
1294,117,136
1295,120,126
1296,124,117
1297,127,113
1298,129,113
1299,127,115
1300,126,117
1301,125,121
1302,129,121
1303,129,119
1304,128,117
1305,127,113
1306,132,115
1307,140,106
1308,140,101
1309,145,102
1310,142,103
1311,141,107
1312,140,110
1313,143,112
1314,145,112
1315,148,120
1316,146,126
1317,143,127
1318,142,126
1319,124,125
1320,117,125
1321,128,127
1322,136,126
1323,137,125
1324,143,122
1325,144,119
1326,143,115
1327,147,110
1328,135,108
1329,128,103
1330,124,103
1331,127,103
1332,130,103
1333,126,105
1334,121,109
1335,123,107
1336,123,106
1337,127,105
1338,125,105
1339,130,106
1340,128,108
1341,132,110
1342,127,107
1343,127,108
1344,126,108
1345,126,111
1346,129,107
1347,122,107
1348,128,105
1349,128,107
1350,129,108
1351,133,104
1352,132,102
1353,132,98
1354,127,99
1355,125,100
1356,116,108
1357,114,114
1358,113,122
1359,116,123
1360,120,123
1361,124,123
1362,134,119
12,27,11,1,20
1363,130,115
1364,118,118
1365,117,123
1366,114,128
1367,115,127
1368,120,125
1369,119,120
1370,124,117
1371,126,114
1372,130,113
1373,130,112
1374,135,114
1375,135,117
1376,136,121
1377,143,123
1378,139,120
1379,134,112
1380,131,106
1381,124,99
1382,126,97
1383,125,96
1384,130,96
1385,131,98
1386,135,99
1387,136,100
1388,145,102
1389,144,106
1390,146,112
1391,152,114
1392,147,107
1393,158,105
1394,160,106
1395,160,108
1396,154,109
1397,155,113
1398,150,116
1399,147,118
1400,148,123
1401,151,128
1402,144,124
1403,134,117
1404,129,118
1405,133,116
1406,137,112
1407,137,111
1408,138,114
1409,138,115
1410,143,118
1411,137,114
1412,141,115
1413,143,119
1414,146,119
1415,134,115
1416,132,113
1417,127,110
1418,125,109
1419,129,109
1420,138,112
1421,140,117
1422,144,122
1423,139,121
1424,136,121
1425,128,123
1426,131,119
1427,126,117
1428,127,113
1429,130,115
1430,134,115
1431,124,117
1432,125,120
1433,129,122
1434,135,118
1435,137,113
1436,137,111
1437,136,107
1438,142,103
1439,145,102
1440,139,104
1441,139,106
1442,137,109
1443,137,111
1444,135,112
1445,138,114
1446,120,113
1447,129,115
1448,132,113
1449,134,110
1450,137,109
1451,140,109
1452,143,106
1453,142,103
1454,141,104
1455,136,104
1456,131,110
1457,126,112
1458,124,116
1459,126,120
1460,129,127
1461,136,130
1462,133,121
1463,130,114
1464,129,111
1465,131,105
1466,132,99
1467,134,91
1468,135,90
1469,139,91
1470,138,97
1471,141,98
1472,138,102
1473,135,105
1474,130,110
13,27,11,1,21
1475,133,114
1476,130,113
1477,126,109
1478,126,104
1479,126,102
1480,127,101
1481,126,101
1482,127,102
1483,131,102
1484,134,104
1485,135,104
1486,141,105
1487,144,109
1488,135,115
1489,135,116
1490,131,115
1491,131,112
1492,130,114
1493,131,110
1494,133,109
1495,131,102
1496,130,103
1497,131,101
1498,130,102
1499,129,103
1500,135,107
1501,132,104
1502,118,105
1503,119,111
1504,121,108
1505,121,109
1506,124,108
1507,126,110
1508,136,111
1509,143,111
1510,152,109
1511,149,104
1512,147,99
1513,147,97
1514,142,101
1515,141,105
1516,132,112
1517,130,120
1518,132,119
1519,138,122
1520,140,125
1521,144,124
1522,144,125
1523,141,120
1524,136,118
1525,132,113
1526,125,112
1527,120,105
1528,120,105
1529,115,103
1530,114,103
1531,114,111
1532,126,115
1533,131,113
1534,137,112
1535,138,113
1536,140,117
1537,137,120
1538,132,124
1539,128,123
1540,127,124
1541,128,124
1542,126,121
1543,128,116
1544,133,120
1545,123,124
1546,119,127
1547,126,122
1548,129,119
1549,129,117
1550,126,116
1551,126,114
1552,131,107
1553,130,105
1554,131,105
1555,131,107
1556,130,109
1557,124,109
1558,125,111
1559,122,114
1560,127,114
1561,138,123
1562,137,123
1563,137,119
1564,137,115
1565,136,115
1566,134,118
1567,132,121
1568,130,121
1569,126,121
1570,121,124
1571,116,125
1572,125,124
1573,129,117
1574,134,109
1575,137,106
1576,133,104
1577,130,100
1578,125,100
1579,123,103
1580,121,107
1581,126,110
1582,129,112
1583,130,113
1584,135,117
1585,140,115
1586,143,115
14,27,11,1,22
1587,143,114
1588,143,114
1589,138,115
1590,138,112
1591,135,115
1592,139,111
1593,138,109
1594,139,104
1595,135,104
1596,132,102
1597,129,102
1598,131,104
1599,122,112
1600,124,124
1601,130,120
1602,127,119
1603,128,113
1604,127,113
1605,127,105
1606,127,103
1607,124,99
1608,124,101
1609,121,107
1610,123,113
1611,121,118
1612,121,120
1613,122,122
1614,120,115
1615,127,109
1616,109,111
1617,117,119
1618,119,121
1619,123,120
1620,129,118
1621,133,117
1622,130,117
1623,126,117
1624,128,113
1625,126,110
1626,127,108
1627,129,110
1628,130,112
1629,124,115
1630,121,107
1631,110,106
1632,115,106
1633,116,112
1634,121,116
1635,125,119
1636,129,119
1637,130,121
1638,134,113
1639,141,111
1640,141,108
1641,140,109
1642,139,111
1643,137,116
1644,135,120
1645,132,112
1646,134,105
1647,131,101
1648,130,98
1649,133,102
1650,136,102
1651,133,106
1652,135,109
1653,137,117
1654,139,119
1655,137,119
1656,134,117
1657,132,116
1658,134,117
1659,142,102
1660,140,93
1661,147,92
1662,154,93
1663,156,97
1664,159,102
1665,163,108
1666,160,109
1667,154,108
1668,147,107
1669,142,110
1670,139,115
1671,132,118
1672,131,123
1673,137,122
1674,121,120
1675,120,115
1676,125,112
1677,128,108
1678,130,108
1679,132,104
1680,133,104
1681,132,107
1682,128,110
1683,137,109
1684,142,105
1685,139,103
1686,136,100
1687,132,99
1688,135,96
1689,135,98
1690,141,101
1691,137,107
1692,138,111
1693,126,111
1694,128,109
1695,134,108
1696,144,108
1697,140,107
1698,135,104
1699,132,105
1700,128,105
1701,123,108
1702,124,114
15,27,11,1,24
16,27,11,1,24
1703,125,119
1704,126,125
1705,125,124
1706,126,120
1707,129,118
1708,137,117
1709,141,117
1710,136,121
1711,136,124
1712,132,115
1713,131,105
1714,130,103
1715,143,104
1716,151,112
1717,155,117
1718,154,126
1719,150,129
1720,141,126
1721,133,122
1722,129,116
1723,132,109
1724,134,99
1725,145,98
1726,151,106
1727,151,108
1728,158,108
1729,160,110
1730,160,110
1731,153,113
1732,145,113
1733,140,115
1734,139,114
1735,138,117
1736,142,114
1737,143,112
1738,143,110
1739,144,113
1740,144,113
1741,136,107
1742,140,104
1743,145,102
1744,151,100
1745,150,100
1746,147,101
1747,148,108
1748,147,115
1749,142,113
1750,141,114
1751,142,113
1752,143,107
1753,148,101
1754,151,103
1755,148,106
1756,147,108
1757,147,110
1758,141,111
1759,142,114
1760,142,113
1761,146,113
1762,148,113
1763,147,108
1764,138,104
1765,139,102
1766,131,105
1767,130,113
1768,134,122
1769,131,134
1770,130,143
1771,120,136
1772,116,131
1773,116,127
1774,118,126
1775,125,122
1776,129,124
1777,123,121
1778,122,121
1779,114,115
1780,114,112
1781,122,110
1782,126,107
1783,125,115
1784,125,121
1785,129,116
1786,131,115
1787,131,116
1788,134,115
1789,134,114
1790,135,110
1791,136,118
1792,138,119
1793,139,115
1794,138,113
1795,134,116
1796,131,117
1797,134,115
1798,131,115
1799,134,114
1800,139,109
1801,143,108
1802,137,108
1803,139,105
1804,141,104
1805,146,103
1806,146,109
1807,147,114
1808,146,109
1809,143,108
1810,139,107
1811,135,107
1812,146,109
1813,143,112
1814,148,111
1815,150,108
1816,146,104
1817,145,102
1818,137,98
17,27,11,1,26
1819,132,97
1820,131,97
1821,133,96
1822,132,97
1823,136,98
1824,135,105
1825,140,115
1826,144,114
1827,141,110
1828,138,114
1829,135,114
1830,133,111
1831,132,107
1832,134,103
1833,137,102
1834,134,100
1835,131,100
1836,124,101
1837,120,103
1838,121,103
1839,125,108
1840,132,117
1841,131,121
1842,135,128
1843,131,124
1844,136,122
1845,133,116
1846,134,116
1847,127,111
1848,127,111
1849,131,108
1850,130,107
1851,130,107
1852,135,107
1853,135,111
1854,130,116
1855,130,114
1856,127,117
1857,135,119
1858,135,122
1859,130,122
1860,126,122
1861,130,119
1862,136,119
1863,144,119
1864,146,120
1865,146,118
1866,141,115
1867,138,107
1868,138,109
1869,134,113
1870,132,113
1871,136,112
1872,133,110
1873,130,108
1874,134,106
1875,133,105
1876,135,107
1877,135,106
1878,136,105
1879,132,106
1880,140,106
1881,139,106
1882,137,105
1883,137,108
1884,135,113
1885,131,112
1886,130,115
1887,131,117
1888,131,122
1889,133,118
1890,136,119
1891,136,116
1892,135,118
1893,135,114
1894,136,114
1895,125,111
1896,117,110
1897,124,119
1898,125,132
1899,122,135
1900,124,134
1901,128,127
1902,133,118
1903,133,113
1904,139,107
1905,144,106
1906,148,105
1907,145,107
1908,144,107
1909,132,113
1910,125,115
1911,132,119
1912,136,118
1913,137,114
1914,143,108
1915,143,107
1916,141,113
1917,143,119
1918,145,124
1919,140,127
1920,138,126
1921,140,124
1922,138,122
1923,132,120
1924,133,119
1925,134,119
1926,132,119
1927,128,118
1928,127,110
1929,122,108
1930,124,109
1931,122,109
18,27,11,1,27
1932,124,115
1933,126,118
1934,125,121
1935,124,120
1936,126,122
1937,130,122
1938,137,121
1939,145,114
1940,144,108
1941,137,108
1942,135,110
1943,133,111
1944,128,114
1945,132,118
1946,132,118
1947,127,116
1948,132,112
1949,138,114
1950,144,115
1951,146,111
1952,141,105
1953,135,102
1954,134,105
1955,131,106
1956,136,114
1957,145,116
1958,138,112
1959,130,106
1960,129,105
1961,126,104
1962,128,105
1963,138,110
1964,137,115
1965,134,118
1966,126,126
1967,124,127
1968,123,127
1969,119,122
1970,125,120
1971,136,118
1972,132,115
1973,131,111
1974,133,110
1975,130,106
1976,130,104
1977,134,108
1978,130,113
1979,123,115
1980,110,124
1981,114,134
1982,121,136
1983,115,130
1984,126,128
1985,138,122
1986,130,114
1987,122,111
1988,139,113
1989,139,116
1990,140,116
1991,140,117
1992,142,118
1993,140,115
1994,133,113
1995,133,115
1996,128,107
1997,119,101
1998,119,103
1999,120,110
2000,118,110
2001,116,110
2002,119,110
2003,124,108
2004,131,107
2005,132,109
2006,132,113
2007,129,111
2008,127,112
2009,126,115
2010,127,115
2011,124,109
2012,135,107
2013,150,106
2014,152,106
2015,151,106
2016,146,111
2017,139,115
2018,141,118
2019,142,117
2020,145,117
2021,145,115
2022,140,115
2023,134,118
2024,136,125
2025,141,121
2026,137,117
2027,131,107
2028,128,106
2029,124,110
2030,125,115
2031,126,117
2032,128,116
2033,128,115
2034,128,114
2035,129,113
2036,123,113
2037,117,117
2038,120,121
2039,129,121
2040,129,123
2041,134,124
2042,131,113
2043,123,112
2044,128,113
2045,132,115
19,27,11,1,28
2046,132,117
2047,135,118
2048,138,120
2049,139,121
2050,136,119
2051,128,114
2052,131,117
2053,136,120
2054,137,119
2055,136,115
2056,137,114
2057,139,112
2058,142,108
2059,142,107
2060,139,110
2061,129,114
2062,126,117
2063,122,119
2064,115,119
2065,112,116
2066,112,114
2067,121,120
2068,128,125
2069,136,124
2070,135,123
2071,125,122
2072,119,123
2073,117,124
2074,117,123
2075,121,123
2076,122,119
2077,122,119
2078,125,119
2079,126,121
2080,128,116
2081,140,112
2082,142,113
2083,147,112
2084,150,109
2085,146,112
2086,142,113
2087,144,110
2088,141,108
2089,135,108
2090,129,112
2091,131,113
2092,132,113
2093,125,114
2094,126,115
2095,129,113
2096,124,114
2097,120,113
2098,121,113
2099,122,111
2100,128,109
2101,132,109
2102,135,110
2103,136,110
2104,137,110
2105,136,111
2106,133,110
2107,130,113
2108,133,115
2109,142,117
2110,145,118
2111,130,116
2112,122,111
2113,124,111
2114,129,114
2115,134,113
2116,134,109
2117,132,104
2118,135,103
2119,134,104
2120,136,102
2121,131,107
2122,121,112
2123,121,121
2124,128,126
2125,131,126
2126,135,125
2127,138,123
2128,143,121
2129,143,119
2130,140,120
2131,136,119
2132,132,119
2133,133,120
2134,127,122
2135,124,125
2136,120,126
2137,129,128
2138,127,118
2139,124,113
2140,125,108
2141,131,103
2142,136,99
2143,140,99
2144,145,104
2145,142,113
2146,141,122
2147,140,130
2148,131,133
2149,123,129
2150,117,115
2151,116,97
2152,129,111
2153,128,121
2154,135,126
2155,143,127
2156,148,122
2157,149,117
20,27,11,1,30
2158,149,112
2159,148,110
2160,146,110
2161,141,109
2162,138,108
2163,137,107
2164,132,107
2165,128,109
2166,130,108
2167,130,105
2168,133,104
2169,139,104
2170,143,104
2171,147,107
2172,146,108
2173,142,108
2174,137,104
2175,127,102
2176,124,100
2177,127,100
2178,132,101
2179,144,104
2180,147,108
2181,147,111
2182,149,113
2183,149,114
2184,146,114
2185,142,112
2186,137,113
2187,135,107
2188,124,104
2189,112,102
2190,109,100
2191,114,100
2192,113,98
2193,108,98
2194,115,96
2195,119,96
2196,120,96
2197,123,97
2198,130,98
2199,133,101
2200,136,106
2201,139,105
2202,144,103
2203,145,103
2204,144,104
2205,140,105
2206,132,110
2207,127,116
2208,130,119
2209,126,114
2210,118,111
2211,122,112
2212,130,114
2213,139,114
2214,147,117
2215,147,120
2216,143,119
2217,143,120
2218,144,120
2219,147,121
2220,147,122
2221,136,126
2222,130,130
2223,122,119
2224,116,114
2225,115,109
2226,115,106
2227,120,107
2228,124,107
2229,126,108
2230,124,106
2231,122,105
2232,119,103
2233,116,104
2234,111,106
2235,111,110
2236,115,114
2237,122,114
2238,122,113
2239,125,111
2240,129,113
2241,135,111
2242,140,108
2243,138,107
2244,136,109
2245,141,110
2246,145,113
2247,149,114
2248,144,112
2249,137,114
2250,131,115
2251,141,114
2252,136,114
2253,136,116
2254,135,116
2255,130,114
2256,125,112
2257,122,111
2258,122,109
2259,122,106
2260,122,108
2261,123,108
2262,128,113
2263,134,115
2264,142,120
2265,140,117
2266,139,117
2267,141,116
2268,142,113
2269,145,112
2270,147,109
21,27,11,1,31
2271,147,105
2272,143,105
2273,144,106
2274,147,104
2275,149,103
2276,152,104
2277,149,104
2278,149,106
2279,151,109
2280,148,108
2281,144,105
2282,143,102
2283,139,102
2284,130,102
2285,125,107
2286,122,108
2287,120,111
2288,117,113
2289,116,113
2290,117,114
2291,121,120
2292,128,126
2293,127,129
2294,131,129
2295,129,130
2296,128,131
2297,131,130
2298,137,124
2299,142,120
2300,132,119
2301,126,114
2302,131,113
2303,137,112
2304,139,113
2305,139,110
2306,131,108
2307,135,109
2308,152,116
2309,151,118
2310,149,119
2311,149,120
2312,144,120
2313,145,119
2314,141,117
2315,137,113
2316,130,110
2317,122,107
2318,117,106
2319,124,113
2320,125,119
2321,121,124
2322,117,123
2323,115,122
2324,116,121
2325,119,122
2326,127,124
2327,132,124
2328,126,120
2329,123,119
2330,123,120
2331,128,120
2332,128,118
2333,130,114
2334,134,113
2335,141,112
2336,134,109
2337,122,110
2338,118,110
2339,120,113
2340,122,114
2341,129,113
2342,135,116
2343,137,115
2344,135,111
2345,133,110
2346,130,111
2347,126,116
2348,117,120
2349,109,121
2350,111,121
2351,111,125
2352,106,125
2353,104,126
2354,107,124
2355,112,124
2356,112,119
2357,111,115
2358,112,112
2359,113,109
2360,120,109
2361,122,106
2362,123,103
2363,122,98
2364,123,98
2365,121,102
2366,118,102
2367,122,102
2368,125,102
2369,129,102
2370,134,103
2371,140,103
2372,141,103
2373,142,101
2374,147,100
2375,148,99
2376,148,100
2377,153,101
2378,159,100
2379,159,93
2380,148,93
2381,144,97
2382,141,98
2383,129,99
2384,122,98
2385,129,99
2386,136,102
22,27,11,1,32
2387,139,105
2388,138,106
2389,137,106
2390,133,110
2391,129,115
2392,131,117
2393,140,117
2394,138,117
2395,129,119
2396,127,116
2397,129,112
2398,135,110
2399,130,110
2400,126,107
2401,121,98
2402,118,94
2403,127,93
2404,127,95
2405,123,101
2406,120,102
2407,121,104
2408,133,110
2409,128,101
2410,122,100
2411,132,98
2412,138,97
2413,138,113
2414,142,111
2415,142,112
2416,135,109
2417,128,107
2418,126,109
2419,129,105
2420,131,101
2421,132,95
2422,130,95
2423,131,107
2424,135,114
2425,139,120
2426,137,121
2427,138,120
2428,137,116
2429,139,110
2430,139,108
2431,139,102
2432,136,99
2433,138,98
2434,132,97
2435,124,97
2436,130,97
2437,127,98
2438,123,103
2439,123,109
2440,125,111
2441,126,113
2442,126,112
2443,123,104
2444,117,100
2445,115,97
2446,116,98
2447,124,98
2448,128,98
2449,124,99
2450,120,99
2451,132,101
2452,135,104
2453,133,107
2454,133,107
2455,130,104
2456,129,104
2457,132,103
2458,134,102
2459,134,102
2460,132,106
2461,132,109
2462,134,112
2463,131,112
2464,128,110
2465,139,106
2466,144,103
2467,149,104
2468,139,105
2469,131,107
2470,130,105
2471,131,102
2472,129,102
2473,131,103
2474,133,105
2475,135,107
2476,138,108
2477,138,112
2478,133,116
2479,134,123
2480,132,116
2481,127,114
2482,128,113
2483,133,115
2484,132,113
2485,134,110
2486,132,108
2487,132,103
2488,134,98
2489,134,95
2490,132,96
2491,129,100
2492,120,104
2493,120,111
2494,130,111
2495,137,111
2496,144,113
2497,142,113
2498,139,110
2499,135,104
2500,127,100
23,27,11,1,34
2501,120,98
2502,119,97
2503,120,97
2504,125,99
2505,130,102
2506,130,109
2507,133,112
2508,140,112
2509,138,113
2510,133,116
2511,127,117
2512,126,120
2513,125,121
2514,126,123
2515,125,121
2516,125,121
2517,128,120
2518,133,117
2519,136,111
2520,131,109
2521,128,103
2522,136,98
2523,141,94
2524,144,93
2525,147,93
2526,146,98
2527,146,101
2528,150,102
2529,144,103
2530,138,107
2531,137,109
2532,134,112
2533,130,115
2534,129,120
2535,126,125
2536,127,125
2537,119,121
2538,116,123
2539,114,122
2540,114,117
2541,113,113
2542,112,110
2543,113,110
2544,112,108
2545,116,102
2546,117,99
2547,122,103
2548,126,110
2549,124,120
2550,131,129
2551,136,123
2552,131,121
2553,130,119
2554,128,114
2555,124,110
2556,122,105
2557,120,104
2558,120,105
2559,126,106
2560,132,106
2561,137,106
2562,143,107
2563,141,108
2564,141,112
2565,139,112
2566,128,114
2567,117,116
2568,113,117
2569,112,118
2570,120,114
2571,130,111
2572,127,110
2573,128,110
2574,127,112
2575,132,116
2576,133,117
2577,129,119
2578,129,117
2579,139,117
2580,139,118
2581,137,112
2582,132,111
2583,124,108
2584,122,106
2585,121,103
2586,120,104
2587,123,107
2588,124,112
2589,125,116
2590,128,118
2591,128,121
2592,130,124
2593,135,124
2594,125,117
2595,120,114
2596,125,115
2597,130,115
2598,135,118
2599,135,115
2600,129,114
2601,125,109
2602,126,108
2603,127,108
2604,129,109
2605,128,111
2606,125,112
2607,118,119
2608,117,117
2609,118,116
2610,119,115
2611,122,114
2612,126,114
2613,130,117
2614,129,115
2615,131,116
24,27,11,1,35
2616,136,116
2617,135,118
2618,137,117
2619,137,120
2620,135,124
2621,133,126
2622,125,128
2623,118,126
2624,118,124
2625,123,120
2626,135,119
2627,140,118
2628,133,116
2629,129,113
2630,127,110
2631,123,109
2632,119,112
2633,118,114
2634,115,116
2635,109,121
2636,112,122
2637,114,119
2638,111,118
2639,112,118
2640,113,116
2641,116,112
2642,114,110
2643,112,113
2644,111,113
2645,112,111
2646,116,109
2647,118,111
2648,116,113
2649,118,115
2650,121,120
2651,116,115
2652,117,113
2653,125,110
2654,133,109
2655,141,109
2656,132,108
2657,122,105
2658,121,101
2659,128,100
2660,133,105
2661,136,111
2662,133,117
2663,128,124
2664,127,130
2665,130,122
2666,126,113
2667,122,105
2668,122,101
2669,128,98
2670,134,98
2671,130,98
2672,129,100
2673,128,103
2674,128,109
2675,128,111
2676,127,111
2677,121,111
2678,114,111
2679,113,108
2680,127,98
2681,128,91
2682,126,91
2683,124,98
2684,123,104
2685,124,114
2686,121,120
2687,121,124
2688,120,124
2689,118,122
2690,122,123
2691,126,119
2692,123,115
2693,128,109
2694,142,116
2695,139,124
2696,142,126
2697,145,130
2698,143,128
2699,143,125
2700,143,123
2701,143,120
2702,138,120
2703,135,118
2704,132,118
2705,131,118
2706,129,119
2707,132,119
2708,133,119
2709,129,112
2710,123,108
2711,122,104
2712,121,102
2713,117,100
2714,115,99
2715,112,100
2716,111,102
2717,112,103
2718,115,105
2719,115,104
2720,113,105
2721,111,106
2722,118,104
2723,127,110
2724,124,115
2725,122,118
2726,122,120
25,27,11,1,37
2727,120,117
2728,114,114
2729,109,109
2730,110,103
2731,112,100
2732,113,100
2733,119,95
2734,121,94
2735,120,100
2736,110,110
2737,119,107
2738,123,106
2739,126,107
2740,128,109
2741,127,109
2742,126,116
2743,126,117
2744,124,115
2745,126,114
2746,124,113
2747,123,111
2748,119,108
2749,111,110
2750,115,112
2751,120,108
2752,119,112
2753,122,116
2754,120,116
2755,122,121
2756,127,126
2757,122,121
2758,116,119
2759,118,119
2760,122,118
2761,124,118
2762,119,118
2763,119,118
2764,118,116
2765,121,114
2766,129,112
2767,127,110
2768,124,110
2769,124,107
2770,124,108
2771,126,106
2772,130,108
2773,139,112
2774,142,114
2775,142,117
2776,141,120
2777,143,121
2778,137,121
2779,135,119
2780,134,117
2781,123,117
2782,120,120
2783,121,122
2784,124,126
2785,127,125
2786,124,121
2787,117,116
2788,116,109
2789,124,107
2790,124,105
2791,123,108
2792,123,110
2793,120,114
2794,123,121
2795,126,117
2796,125,113
2797,127,110
2798,128,106
2799,121,105
2800,118,105
2801,123,109
2802,115,113
2803,107,117
2804,106,117
2805,104,117
2806,108,115
2807,105,114
2808,107,111
2809,108,110
2810,106,111
2811,108,112
2812,113,113
2813,121,110
2814,129,105
2815,131,109
2816,135,108
2817,140,101
2818,141,100
2819,142,101
2820,146,103
2821,131,107
2822,153,110
2823,149,104
2824,141,101
2825,137,99
2826,134,99
2827,134,98
2828,137,95
2829,136,95
2830,138,97
2831,137,105
2832,136,115
2833,136,121
2834,132,126
2835,128,126
2836,142,122
2837,152,129
2838,149,134
2839,150,136
2840,149,133
2841,141,129
2842,131,127
2843,130,128
26,27,11,1,38
2844,127,122
2845,123,118
2846,121,114
2847,126,111
2848,141,107
2849,140,101
2850,142,95
2851,143,93
2852,141,98
2853,135,102
2854,123,103
2855,123,101
2856,120,95
2857,129,93
2858,131,99
2859,136,98
2860,143,95
2861,144,94
2862,144,94
2863,134,94
2864,122,94
2865,117,96
2866,120,111
2867,120,119
2868,129,123
2869,130,126
2870,129,127
2871,130,120
2872,123,117
2873,123,116
2874,121,115
2875,129,116
2876,129,117
2877,133,115
2878,128,108
2879,126,99
2880,126,101
2881,129,104
2882,133,109
2883,142,113
2884,139,113
2885,133,111
2886,127,112
2887,128,117
2888,132,117
2889,129,112
2890,137,116
2891,135,120
2892,126,119
2893,122,116
2894,122,114
2895,120,114
2896,128,114
2897,134,114
2898,134,114
2899,130,112
2900,127,109
2901,130,115
2902,125,116
2903,115,115
2904,118,117
2905,124,122
2906,124,125
2907,120,120
2908,120,110
2909,125,102
2910,126,106
2911,123,111
2912,126,112
2913,131,110
2914,135,105
2915,135,107
2916,135,110
2917,137,113
2918,142,114
2919,142,113
2920,141,111
2921,138,107
2922,135,102
2923,139,110
2924,136,121
2925,133,126
2926,134,126
2927,129,122
2928,130,118
2929,134,115
2930,136,114
2931,137,112
2932,132,106
2933,135,108
2934,144,110
2935,147,110
2936,140,106
2937,143,101
2938,136,100
2939,135,103
2940,138,104
2941,139,105
2942,142,100
2943,139,100
2944,130,101
2945,125,103
2946,128,108
2947,131,112
2948,126,110
2949,121,110
2950,120,112
2951,123,114
2952,120,111
2953,122,110
2954,129,111
2955,126,112
2956,126,111
2957,132,113
2958,136,113
27,27,11,1,39
2959,137,107
2960,145,101
2961,150,100
2962,145,100
2963,145,100
2964,138,101
2965,137,107
2966,135,110
2967,132,108
2968,129,111
2969,127,111
2970,128,108
2971,124,111
2972,117,115
2973,110,116
2974,108,116
2975,113,122
2976,117,124
2977,115,117
2978,119,113
2979,128,113
2980,139,110
2981,143,109
2982,137,106
2983,140,100
2984,136,96
2985,131,101
2986,131,108
2987,130,109
2988,129,108
2989,127,109
2990,130,113
2991,133,115
2992,134,114
2993,133,114
2994,137,113
2995,134,114
2996,137,118
2997,138,120
2998,135,118
2999,140,112
3000,143,108
3001,143,108
3002,142,109
3003,141,114
3004,139,114
3005,136,108
3006,129,104
3007,128,98
3008,137,97
3009,145,102
3010,147,110
3011,147,113
3012,135,109
3013,129,107
3014,125,108
3015,115,110
3016,117,109
3017,121,109
3018,131,112
3019,137,114
3020,132,113
3021,139,110
3022,150,103
3023,141,101
3024,130,101
3025,128,102
3026,122,103
3027,124,101
3028,126,101
3029,130,106
3030,135,109
3031,139,109
3032,140,109
3033,146,112
3034,147,112
3035,143,109
3036,144,105
3037,141,112
3038,137,117
3039,134,115
3040,133,108
3041,131,101
3042,141,99
3043,148,109
3044,148,112
3045,147,115
3046,150,119
3047,153,120
3048,148,122
3049,138,124
3050,131,124
3051,137,122
3052,139,116
3053,144,111
3054,148,108
3055,155,104
3056,156,103
3057,157,105
3058,155,109
3059,153,111
3060,144,112
3061,138,115
3062,132,117
3063,123,117
3064,120,118
3065,116,120
3066,107,115
3067,107,111
3068,112,110
3069,128,109
3070,151,109
3071,145,109
28,27,11,1,43
3072,132,111
3073,127,111
3074,128,111
3075,124,113
3076,124,115
3077,120,117
3078,110,123
3079,111,138
3080,118,128
3081,128,123
3082,137,121
3083,140,119
3084,138,114
3085,139,111
3086,135,111
3087,130,116
3088,134,121
3089,141,123
3090,139,121
3091,136,115
3092,124,111
3093,122,112
3094,116,108
3095,111,108
3096,116,108
3097,116,108
3098,119,108
3099,121,111
3100,123,114
3101,122,116
3102,127,118
3103,137,116
3104,136,112
3105,133,108
3106,128,107
3107,134,114
3108,137,112
3109,130,113
3110,124,112
3111,126,109
3112,129,102
3113,129,97
3114,130,93
3115,134,93
3116,135,95
3117,136,104
3118,136,110
3119,143,115
3120,137,117
3121,133,120
3122,136,117
3123,134,113
3124,137,108
3125,137,105
3126,142,102
3127,138,102
3128,130,107
3129,125,108
3130,128,107
3131,129,106
3132,128,107
3133,130,108
3134,131,109
3135,136,110
3136,137,104
3137,133,102
3138,131,100
3139,131,105
3140,127,109
3141,128,109
3142,129,109
3143,126,109
3144,123,109
3145,127,108
3146,129,108
3147,125,107
3148,122,112
3149,130,114
3150,132,110
3151,123,113
3152,116,117
3153,117,116
3154,124,121
3155,131,124
3156,132,123
3157,128,123
3158,128,122
3159,131,123
3160,132,123
3161,131,121
3162,127,119
3163,124,117
3164,134,117
3165,131,116
3166,125,113
3167,127,113
3168,125,109
3169,125,104
3170,124,100
3171,123,99
3172,126,96
3173,130,97
3174,131,98
3175,133,101
3176,131,101
3177,129,97
3178,136,95
3179,140,100
3180,139,102
3181,133,102
3182,132,102
3183,128,103
3184,129,106
3185,132,107
3186,131,107
3187,126,109
29,27,11,1,45
3188,123,114
3189,122,117
3190,116,118
3191,110,116
3192,114,105
3193,117,99
3194,110,97
3195,109,101
3196,114,109
3197,116,108
3198,123,102
3199,127,98
3200,128,94
3201,130,93
3202,134,99
3203,130,101
3204,122,105
3205,107,110
3206,105,113
3207,118,111
3208,121,108
3209,124,108
3210,128,110
3211,133,111
3212,141,104
3213,136,97
3214,128,93
3215,121,92
3216,119,93
3217,126,95
3218,133,99
3219,129,105
3220,133,109
3221,135,108
3222,133,109
3223,133,110
3224,132,107
3225,128,103
3226,123,97
3227,122,96
3228,124,96
3229,128,100
3230,136,104
3231,141,106
3232,149,105
3233,154,101
3234,153,96
3235,150,93
3236,140,94
3237,132,97
3238,130,96
3239,131,97
3240,133,97
3241,128,97
3242,128,96
3243,126,97
3244,130,97
3245,133,99
3246,137,101
3247,135,102
3248,130,105
3249,136,108
3250,142,111
3251,142,109
3252,143,111
3253,142,115
3254,133,116
3255,126,116
3256,120,117
3257,117,118
3258,114,119
3259,116,119
3260,116,118
3261,119,119
3262,119,117
3263,130,115
3264,133,113
3265,130,113
3266,131,114
3267,135,113
3268,140,111
3269,144,103
3270,138,101
3271,130,102
3272,118,103
3273,110,103
3274,114,108
3275,119,112
3276,125,120
3277,134,125
3278,141,117
3279,148,115
3280,152,113
3281,150,110
3282,145,107
3283,142,104
3284,138,106
3285,130,110
3286,127,110
3287,128,113
3288,133,114
3289,136,114
3290,138,117
3291,139,127
3292,142,121
3293,141,115
3294,147,113
3295,143,112
3296,136,106
3297,135,101
3298,131,100
3299,124,98
3300,121,97
30,27,11,1,46
3301,124,96
3302,127,93
3303,128,96
3304,126,98
3305,121,103
3306,125,112
3307,130,116
3308,129,118
3309,130,117
3310,129,114
3311,126,107
3312,121,104
3313,124,104
3314,123,104
3315,126,103
3316,130,109
3317,129,113
3318,124,117
3319,118,118
3320,121,123
3321,118,114
3322,117,107
3323,121,105
3324,123,105
3325,124,107
3326,124,108
3327,125,113
3328,123,119
3329,122,127
3330,130,129
3331,133,124
3332,133,119
3333,130,117
3334,123,112
3335,124,110
3336,119,106
3337,118,107
3338,118,113
3339,116,118
3340,121,114
3341,124,105
3342,124,99
3343,131,98
3344,130,99
3345,123,103
3346,121,103
3347,117,105
3348,116,105
3349,126,108
3350,126,111
3351,117,112
3352,121,112
3353,121,109
3354,120,110
3355,122,113
3356,126,114
3357,129,112
3358,128,109
3359,128,110
3360,131,112
3361,128,113
3362,119,118
3363,116,124
3364,125,123
3365,122,123
3366,126,124
3367,133,126
3368,139,121
3369,136,119
3370,128,120
3371,126,122
3372,126,121
3373,126,118
3374,125,118
3375,130,117
3376,125,112
3377,121,106
3378,129,115
3379,130,125
3380,133,127
3381,142,127
3382,149,125
3383,139,122
3384,136,119
3385,135,117
3386,137,116
3387,138,116
3388,144,117
3389,145,115
3390,141,119
3391,141,127
3392,153,131
3393,139,125
3394,130,125
3395,126,122
3396,129,114
3397,131,107
3398,130,105
3399,125,99
3400,127,95
3401,137,99
3402,144,107
3403,148,107
3404,141,102
3405,130,104
3406,117,121
3407,125,124
3408,131,125
3409,133,125
3410,133,126
3411,131,127
3412,128,128
3413,120,127
3414,119,125
3415,122,114
31,27,11,1,48
3416,124,110
3417,128,108
3418,131,109
3419,130,109
3420,135,114
3421,134,112
3422,133,111
3423,131,116
3424,133,119
3425,135,118
3426,137,113
3427,134,110
3428,132,103
3429,133,98
3430,135,96
3431,132,99
3432,134,101
3433,139,103
3434,142,104
3435,141,104
3436,141,106
3437,143,106
3438,147,105
3439,147,103
3440,146,97
3441,147,92
3442,139,90
3443,131,91
3444,125,92
3445,122,94
3446,121,102
3447,118,105
3448,133,97
3449,134,104
3450,135,107
3451,130,111
3452,129,112
3453,126,113
3454,118,112
3455,118,111
3456,119,111
3457,122,113
3458,126,117
3459,132,116
3460,132,120
3461,131,123
3462,122,114
3463,117,112
3464,117,103
3465,113,95
3466,114,96
3467,112,104
3468,110,121
3469,109,117
3470,106,113
3471,108,111
3472,107,114
3473,110,115
3474,107,116
3475,98,118
3476,100,119
3477,117,120
3478,121,118
3479,121,118
3480,124,120
3481,129,123
3482,131,130
3483,133,127
3484,135,119
3485,135,114
3486,133,111
3487,132,107
3488,134,105
3489,139,107
3490,142,112
3491,147,109
3492,135,105
3493,123,99
3494,119,95
3495,119,98
3496,120,100
3497,120,94
3498,119,91
3499,117,91
3500,121,92
3501,129,95
3502,134,101
3503,132,105
3504,126,123
3505,124,128
3506,131,125
3507,136,126
3508,139,126
3509,135,125
3510,129,120
3511,127,119
3512,124,118
3513,118,111
3514,119,108
3515,127,106
3516,128,104
3517,130,104
3518,128,103
3519,121,103
3520,131,98
3521,121,97
3522,118,96
3523,109,100
3524,124,103
3525,131,103
3526,130,112
3527,129,114
32,27,11,1,51
0,2013,11,27
1,51, 3527
